[0, 0, 0, 0, 0, 0, 0, 0, 0, 0, 0, 0, 0, 0, 0, 0, 0, 0, 0, 0, 0, 0, 0, 0, 0, 0, 0, 0, 0, 0, 0, 0, 0, 0, 0, 0, 0, 0, 0, 0, 0, 0, 0, 0, 0, 0, 0, 0, 0, 0, 0, 0, 0, 0, 0, 0, 0, 0, 0, 0, 0, 0, 0, 0, 0, ]
[0.0, 0, 0, 0, 0, 0, 0, 0, 0, 0, 0, 0, 0, 0, 0, 0, 0, 0, 0, 0, 0, 0, 0, 0, 0, 0, 0, 0, 0, 0, 0, 0, 0, 0, 0, 0, 0, 0, 0, 0, 0, 0, 0, 0, 0, 0, 0, 0, 0, 0, 0, 0, 0, 0, 0, 0, 0, 0, 0, 0, 0, 0, 0, 0, None, ]
[0.0, 0, 0, 0, 0.1, 0, 0, 0, 0, 0, 0, 0, 0, 0, 0, 0, 0, 0, 0, 0, 0, 0, 0, 0, 0, 0, 0, 0, 0, 0, 0, 0, 0, 0, 0, 0, 0, 0, 0, 0, 0, 0, 0, 0, 0, 0, 0, 0, 0, 0, 0, 0, 0, 0, 0, 0, 0, 0, 0, 0, 0, 0, 0, 0, None, ]
[0.009999, 0, 0, 0, 0.19, 0, 0, 0, 0.2, 0, 0, 0, 0, 0, 0, 0, 0, 0, 0, 0, 0, 0, 0, 0, 0, 0, 0, 0, 0, 0, 0, 0, 0, 0, 0, 0, 0, 0, 0, 0, 0, 0, 0, 0, 0, 0, 0, 0, 0, 0, 0, 0, 0, 0, 0, 0, 0, 0, 0, 0, 0, 0, 0, 0, None, ]
[0.0279972, 0, 0, 0, 0.290998, 0, 0, 0, 0.38, 0, 0, 0, 0, 0, 0, 0, 0, 0, 0, 0, 0, 0.3, 0, 0, 0, 0, 0, 0, 0, 0, 0, 0, 0, 0, 0, 0, 0, 0, 0, 0, 0, 0, 0, 0, 0, 0, 0, 0, 0, 0, 0, 0, 0, 0, 0, 0, 0, 0, 0, 0, 0, 0, 0, 0, None, ]
[0.05429437002, 0, 0, 0, 0.3998944, 0, 0, 0, 0.571997, 0, 0, 0, 0, 0, 0, 0, 0, 0, 0, 0, 0, 0.57, 0, 0, 0, 0, 0, 0, 0, 0, 0, 0, 0, 0, 0.4, 0, 0, 0, 0, 0, 0, 0, 0, 0, 0, 0, 0, 0, 0, 0, 0, 0, 0, 0, 0, 0, 0, 0, 0, 0, 0, 0, 0, 0, None, ]
[0.088850374074, 0, 0, 0, 0.51709894003, 0, 0, 0, 0.7717916, 0, 0, 0, 0, 0, 0, 0, 0, 0, 0, 0, 0, 0.852996, 0, 0, 0, 0, 0, 0, 0, 0, 0, 0, 0, 0, 0.76, 0, 0, 0, 0, 0, 0, 0, 0, 0, 0, 0, 0, 0, 0, 0, 0, 0, 0, 0, 0, 0, 0, 0, 0, 0, 0, 0, 0, 0, None, ]
[0.13167005968, 0, 0, 0, 0.642560488111, 0, 0, 0, 0.97990351004, 0, 0, 0, 0, 0, 0, 0, 0, 0, 0, 0, 0, 1.1436888, 0, 0, 0, 0, 0, 0, 0, 0, 0, 0, 0, 0, 1.084, 0, 0, 0, 0, 0, 0, 0, 0, 0, 0, 0, 0, 0, 0, 0, 0, 0, 0, 0, 0, 0, 0, 0, 0, 0, 0, 0, 0, 0, None, ]
[0.182752676918, 0, 0, 0, 0.776284991269, 0, 0, 0, 1.19627060215, 0, 0, 0, 0, 0, 0, 0, 0, 0, 0, 0, 0, 1.43770908, 0, 0, 0, 0, 0, 0, 0, 0, 0, 0, 0, 0, 1.3756, 0, 0, 0, 0, 0, 0, 0, 0, 0, 0, 0, 0, 0, 0, 0, 0, 0, 0, 0, 0, 0, 0, 0, 0, 0, 0, 0, 0, 0, None, ]
[0.242098145504, 0, 0, 0, 0.918271589651, 0, 0, 0, 1.42040007284, 0, 0, 0, 0, 0, 0, 0, 0, 0, 0, 0, 0, 1.731484416, 0, 0, 0, 0, 0, 0, 0, 0, 0, 0, 0, 0, 1.63804, 0, 0, 0, 0, 0, 0, 0, 0, 0, 0, 0, 0, 0, 0, 0, 0, 0, 0, 0, 0, 0, 0, 0, 0, 0, 0, 0, 0, 0, None, ]
[0.309706307202, 0, 0, 0, 1.06847023397, 0, 0, 0, 1.65149119231, 0, 0, 0, 0, 0, 0, 0, 0, 0, 0, 0, 0, 2.022123594, 0, 0, 0, 0, 0, 0, 0, 0, 0, 0, 0, 0, 1.874236, 0, 0, 0, 0, 0, 0, 0, 0, 0, 0, 0, 0, 0, 0, 0.5, 0, 0, 0, 0, 0, 0, 0, 0, 0, 0, 0, 0, 0, 0, None, ]
Policy - [3, 5, 0, 0, 0, 0, 0, 0, 3, 0, 0, 0, 0, 0, 0, 0, 0, 0, 0, 0, 0, 3, 0, 0, 0, 0, 0, 0, 0, 0, 0, 0, 0, 0, 4, 0, 0, 0, 0, 0, 0, 0, 0, 0, 0, 0, 0, 0, 0, 1, 0, 0, 5, 0, 2, 0, 0, 0, 0, 0, 0, 0, 0, 0, 7, ]
[0.385572015177, 0, 0, 0, 1.22675581489, 0, 0, 0, 1.88853421125, 0, 0, 0, 0, 0, 0, 0, 0, 0, 0, 0, 0, 2.30731609224, 0, 0, 0, 0, 0, 0, 0, 0, 0, 0, 0, 0, 2.1368074, 0, 0, 0, 0, 0, 0, 0, 0, 0, 0, 0, 0, 0, 0, 0.95, 0, 0, 0.6, 0, 0, 0, 0, 0, 0, 0, 0, 0, 0, 0, None, ]
[0.46967812759, 0, 0, 0, 1.39291476919, 0, 0, 0, 2.13038932619, 0, 0, 0, 0, 0, 0, 0, 0, 0, 0, 0, 0, 2.59024385494, 0, 0, 0, 0, 0, 0, 0, 0, 0, 0, 0, 0, 2.41811716, 0, 0, 0, 0, 0, 0, 0, 0, 0, 0, 0, 0, 0, 0, 1.414994, 0, 0, 1.14, 0, 0, 0.7, 0, 0, 0, 0, 0, 0, 0, 0, None, ]
[0.561987862602, 0, 0, 0, 1.56664092099, 0, 0, 0, 2.37634887662, 0, 0, 0, 0, 0, 0, 0, 0, 0, 0, 0, 0, 2.87300700428, 0, 0, 0, 0, 0, 0, 0, 0, 0, 0, 0, 0, 2.71779069406, 0, 0, 0, 0, 0, 0, 0, 0, 0, 0, 0, 0, 0, 0, 1.8874832, 0, 0, 1.695993, 0, 0, 1.33, 0, 0, 0, 0, 0, 0, 0, 0, None, ]
[0.662437502032, 0, 0, 0, 1.74758795307, 0, 0, 0, 2.62598595932, 0, 0, 0, 0, 0, 0, 0, 0, 0, 0, 0, 0, 3.15745819535, 0, 0, 0, 0, 0, 0, 0, 0, 0, 0, 0, 0, 3.03474106982, 0, 0, 0, 0, 0, 0, 0, 0, 0, 0, 0, 0, 0, 0, 2.36831722007, 0, 0, 2.2593804, 0, 0, 1.897, 0, 0, 0, 0, 0, 0, 0, 0, None, ]
[0.770935071256, 0, 0, 0, 1.93540149383, 0, 0, 0, 2.87910160834, 0, 0, 0, 0, 0, 0, 0, 0, 0, 0, 0, 0, 3.44515613538, 0, 0, 0, 0, 0, 0, 0, 0, 0, 0, 0, 0, 3.36807500167, 0, 0, 0, 0, 0, 0, 0, 0, 0, 0, 0, 0, 0, 0, 2.85740094426, 0, 0, 2.82312339, 0, 0, 2.4073, 0.8, 0, 0, 0, 0, 0, 0, 0, None, ]
[0.887362359498, 0, 0, 0, 2.12974271427, 0, 0, 0, 3.13567260948, 0, 0, 0, 0, 0, 0, 0, 0, 0, 0, 0, 0, 3.73741434126, 0, 0, 0, 0, 0, 0, 0, 0, 0, 0, 0, 0, 3.71697902192, 0, 0, 0, 0, 0, 0, 0, 0, 0, 0, 0, 0, 0, 0, 3.3539449576, 0, 0, 3.381516978, 0, 0, 2.946562, 1.52, 0, 0, 0, 0, 0, 0, 0, None, ]
[1.01157909755, 0, 0, 0, 2.33030434706, 0, 0, 0, 3.39580940852, 0, 0, 0, 0, 0, 0, 0, 0, 0, 0, 0, 0, 4.03533363954, 0, 0, 0, 0, 0, 0, 0, 0, 0, 0, 0, 0, 4.08064207604, 0, 0, 0, 0, 0, 0, 0, 0, 0, 0, 0, 0, 0, 0, 3.85666834447, 0, 0, 3.93799201458, 0, 0, 3.5038906, 2.168, 0, 0, 0, 0, 0, 0, 0, None, ]
[1.14342831946, 0, 0, 0, 2.53682089511, 0, 0, 0, 3.65972147828, 0, 0, 0, 0, 0, 0, 0, 0, 0, 0, 0, 0, 4.33982367677, 0, 0, 0, 0, 0, 0, 0, 0, 0, 0, 0, 0, 4.4582061362, 0, 0, 0, 0, 0, 0, 0, 0, 0, 0, 0, 0, 0, 0, 4.36476133156, 0, 0, 4.49454683422, 0, 0, 4.07027986, 2.7512, 0, 0, 0, 0, 0, 0, 0, None, ]
[1.28274220881, 0, 0, 0, 2.74907435622, 0, 0, 0, 3.92768829989, 0, 0, 0, 0, 0, 0, 0, 0, 0, 0, 0, 0, 4.65161734065, 0, 0, 0, 0, 0, 0, 0, 0, 0, 0, 0, 0, 4.84881800812, 0, 0, 0, 0, 0, 0, 0, 0, 0, 0, 0, 0, 0, 0, 4.87769493636, 0, 0, 5.052079434, 0, 0, 4.638344362, 3.27608, 0.9, 0, 0, 0, 0, 0, 0, None, ]
[1.42934793281, 0, 0, 0, 2.9668964737, 0, 0, 0, 4.2000346878, 0, 0, 0, 0, 0, 0, 0, 0, 0, 0, 0, 0, 4.97128891922, 0, 0, 0, 0, 0, 0, 0, 0, 0, 0, 0, 0, 5.251656924, 0, 0, 0, 0, 0, 0, 0, 0, 0, 0, 0, 0, 0, 0, 5.39508286533, 0, 0, 5.61065954335, 0, 0, 5.202085165, 3.838463, 1.71, 0, 0, 1.0, 0, 0, 0, None, ]
Policy - [3, 5, 0, 0, 0, 0, 0, 0, 3, 0, 0, 0, 0, 0, 0, 0, 0, 0, 0, 0, 0, 3, 0, 0, 0, 0, 0, 0, 0, 0, 0, 0, 0, 0, 4, 0, 0, 0, 0, 0, 0, 0, 0, 0, 0, 0, 0, 0, 0, 1, 0, 0, 5, 0, 2, 3, 4, 5, 0, 0, 6, 0, 3, 0, 2, ]
[1.58307311793, 0, 0, 0, 3.19016829476, 0, 0, 0, 4.47711039805, 0, 0, 0, 0, 0, 0, 0, 0, 0, 0, 0, 0, 5.29927320313, 0, 0, 0, 0, 0, 0, 0, 0, 0, 0, 0, 0, 5.6659455673, 0, 0, 0, 0, 0, 0, 0, 0, 0, 0, 0, 0, 0, 0, 5.91658442653, 0, 0, 6.16975008467, 0, 0, 5.76568456387, 4.4255996, 2.53899, 0, 0, 1.9, 0, 0, 0, None, ]
[1.74375073393, 0, 0, 0, 3.41881773399, 0, 0, 0, 4.75927368583, 0, 0, 0, 0, 0, 0, 0, 0, 0, 0, 0, 0, 5.63588378009, 0, 0, 0, 0, 0, 0, 0, 0, 0, 0, 0, 0, 6.09095028738, 0, 0, 0, 0, 0, 0, 0, 0, 0, 0, 0, 0, 0, 0, 6.44183929485, 0, 0, 6.72928587574, 0, 0, 6.33163181149, 5.0369132501, 3.375072, 0, 0, 2.71, 0, 0, 0, None, ]
[1.91122324576, 0, 0, 0, 3.65281573643, 0, 0, 0, 5.04687833641, 0, 0, 0, 0, 0, 0, 0, 0, 0, 0, 0, 0, 5.98132952131, 0, 0, 0, 0, 0, 0, 0, 0, 0, 0, 0, 0, 6.52597476973, 0, 0, 0, 0, 0, 0, 0, 0, 0, 0, 0, 0, 0, 0, 6.97051666008, 0, 0, 7.289457153, 0, 0, 6.90210958622, 5.67069537437, 4.2085377, 0, 0, 3.439, 0, 0, 0, None, ]
[2.08534596667, 0, 0, 0, 3.89217152765, 0, 0, 0, 5.34026364161, 0, 0, 0, 0, 0, 0, 0, 0, 0, 0, 0, 0, 6.33572878641, 0, 0, 0, 0, 0, 0, 0, 0, 0, 0, 0, 0, 6.9703592536, 0, 0, 0, 0, 0, 0, 0, 0, 0, 0, 0, 0, 0, 0, 7.5023378148, 0, 0, 7.85065337522, 0, 0, 7.47891145808, 6.32443752156, 5.03154954, 0, 0, 4.0951, 0, 0, 0, None, ]
[2.26598960105, 0, 0, 0, 4.13692733641, 0, 0, 0, 5.6397467988, 0, 0, 0, 0, 0, 0, 0, 0, 0, 0, 0, 0, 6.69912212954, 0, 0, 0, 0, 0, 0, 0, 0, 0, 0, 0, 0, 7.42348208634, 0, 0, 0, 0, 0, 0, 0, 0, 0, 0, 0, 0, 0, 0, 8.03709086431, 0, 0, 8.41340439439, 0, 0, 8.06340082005, 6.99509840791, 5.837863635, 0, 0, 4.68559, 0, 0, 0, None, ]
[2.45304200532, 0, 0, 0, 4.38715288518, 0, 0, 0, 5.94561734065, 0, 0, 0, 0, 0, 0, 0, 0, 0, 0, 0, 0, 7.0714838904, 0, 0, 0, 0, 0, 0, 0, 0, 0, 0, 0, 0, 7.88476259323, 0, 0, 0, 0, 0, 0, 0, 0, 0, 0, 0, 0, 0, 0, 8.57463808327, 0, 0, 8.97832340295, 0, 0, 8.65650062785, 7.67931655198, 6.6225894156, 0, 0, 5.217031, 0, -5.39935, 0, None, ]
[2.64640922177, 0, 0, 0, 4.64293987455, 0, 0, 0, 6.25813328079, 0, 0, 0, 0, 0, 0, 0, 0, 0, 0, 0, 0, 7.45273291305, 0, 0, 0, 0, 0, 0, 0, 0, 0, 0, 0, 0, 8.35366439585, 0, 0, 0, 0, 0, 0, 0, 0, 0, 0, 0, 0, 0, 0, 9.11491683201, 0, 0, 9.54605456044, 0, 0, 9.2587054271, 8.37357761245, 7.38198140373, 0, 0, 5.1554468935, 0, -5.39935, 0, None, ]
[2.84601585765, 0, 0, 0, 4.90439663384, 0, 0, 0, 6.57751871669, 0, 0, 0, 0, 0, 0, 0, 0, 0, 0, 0, 0, 7.84274252469, 0, 0, 0, 0, 0, 0, 0, 0, 0, 0, 0, 0, 8.8296984903, 0, 0, 0, 0, 0, 0, 0, 0, 0, 0, 0, 0, 0, 0, 9.6579351443, 0, 0, 10.11722706, 0, 0, 9.87010890986, 9.07434417176, 8.05927639824, 0, 0, 5.10002119765, 0, -5.39935, 0, None, ]
[3.05180489131, 0, 0, 0, 5.17164306694, 0, 0, 0, 6.90396267006, 0, 0, 0, 0, 0, 0, 0, 0, 0, 0, 0, 0, 8.24134982427, 0, 0, 0, 0, 0, 0, 0, 0, 0, 0, 0, 0, 9.31242557635, 0, 0, 0, 0, 0, 0, 0, 0, 0, 0, 0, 0, 0, 0, 10.2037631636, 0, 0, 10.6924165439, 0, 0, 10.4904416926, 9.77275680164, 8.66329987797, 0, 0, 5.05013807139, 0, -5.39935, 0, None, ]
[3.26373699244, 0, 0, 0, 5.44480598763, 0, 0, 0, 7.23761897198, 0, 0, 0, 0, 0, 0, 0, 0, 0, 0, 0, 0, 8.64836427522, 0, 0, 0, 0, 0, 0, 0, 0, 0, 0, 0, 0, 9.80145729744, 0, 0, 0, 0, 0, 0, 0, 0, 0, 0, 0, 0, 0, 0, 10.7525215775, 0, 0, 11.2721141544, 0, 0, 11.1185754759, 10.4617244763, 9.20193319593, 0, 0, 5.00524325775, 0, -5.39935, 0, None, ]
Policy - [3, 5, 0, 0, 0, 0, 0, 0, 3, 0, 0, 0, 0, 0, 0, 0, 0, 0, 0, 0, 0, 3, 0, 0, 0, 0, 0, 0, 0, 0, 0, 0, 0, 0, 4, 0, 0, 0, 0, 0, 0, 0, 0, 0, 0, 0, 0, 0, 0, 1, 0, 0, 5, 0, 2, 3, 4, 5, 0, 0, 6, 0, 3, 0, 5, ]
[3.4817894439, 0, 0, 0, 5.72401490987, 0, 0, 0, 7.57860701866, 0, 0, 0, 0, 0, 0, 0, 0, 0, 0, 0, 0, 9.06357556287, 0, 0, 0, 0, 0, 0, 0, 0, 0, 0, 0, 0, 10.2964562002, 0, 0, 0, 0, 0, 0, 0, 0, 0, 0, 0, 0, 0, 0, 11.304368114, 0, 0, 11.8566491008, 0, 0, 11.7527857587, 11.1356533289, 9.68221414968, 0, 0, 4.96483792547, 0, -5.39935, 0, None, ]
[3.70595475035, 0, 0, 0, 6.00939833468, 0, 0, 0, 7.92701323733, 0, 0, 0, 0, 0, 0, 0, 0, 0, 0, 0, 0, 9.48676066204, 0, 0, 0, 0, 0, 0, 0, 0, 0, 0, 0, 0, 10.7971343479, 0, 0, 0, 0, 0, 0, 0, 0, 0, 0, 0, 0, 0, 0, 11.8594776462, 0, 0, 12.4461452387, 0, 0, 12.3909611592, 11.7902125888, 10.1104268789, 0, 0, 4.92847312642, 0, -5.39935, 0, None, ]
[3.9362390148, 0, 0, 0, 6.30108055481, 0, 0, 0, 8.28289311219, 0, 0, 0, 0, 0, 0, 0, 0, 0, 0, 0, 0, 9.91769005929, 0, 0, 0, 0, 0, 0, 0, 0, 0, 0, 0, 0, 11.303250083, 0, 0, 0, 0, 0, 0, 0, 0, 0, 0, 0, 0, 0, 0, 12.418019944, 0, 0, 13.0405029212, 0, 0, 13.0307684001, 12.4221329136, 10.4921822189, 0, 0, 4.89574480728, 0, -10.258765, 0, None, ]
[4.17266015799, 0, 0, 0, 6.59917898162, 0, 0, 0, 8.64627363, 0, 0, 0, 0, 0, 0, 0, 0, 0, 0, 0, 0, 10.3561330292, 0, 0, 0, 0, 0, 0, 0, 0, 0, 0, 0, 0, 11.8146028889, 0, 0, 0, 0, 0, 0, 0, 0, 0, 0, 0, 0, 0, 0, 12.9801378367, 0, 0, 13.6393991614, 0, 0, 13.6697806301, 13.0290329223, 10.8324895203, 0, 0, 4.3803964142, 0, -10.258765, 0, None, ]
[4.41524604857, 0, 0, 0, 6.90380198372, 0, 0, 0, 9.01715600859, 0, 0, 0, 0, 0, 0, 0, 0, 0, 0, 0, 0, 10.8018618691, 0, 0, 0, 0, 0, 0, 0, 0, 0, 0, 0, 0, 12.3310265823, 0, 0, 0, 0, 0, 0, 0, 0, 0, 0, 0, 0, 0, 0, 13.5459275752, 0, 0, 14.2423006104, 0, 0, 14.305575569, 13.6092702572, 11.0872364057, 0, 0, 3.91658286043, 0, -10.258765, 0, None, ]
[4.66403260406, 0, 0, 0, 7.21504721465, 0, 0, 0, 9.39551857602, 0, 0, 0, 0, 0, 0, 0, 0, 0, 0, 0, 0, 11.2546550302, 0, 0, 0, 0, 0, 0, 0, 0, 0, 0, 0, 0, 12.8523812223, 0, 0, 0, 0, 0, 0, 0, 0, 0, 0, 0, 0, 0, 0, 14.1154224557, 0, 0, 14.8484850505, 0, 0, 14.9358089451, 14.1569559997, 11.2701318854, 0, 0, 3.49915066204, 0, -10.258765, 0, None, ]
[4.91906191465, 0, 0, 0, 7.5330003956, 0, 0, 0, 9.78131967488, 0, 0, 0, 0, 0, 0, 0, 0, 0, 0, 0, 0, 11.7142991256, 0, 0, 0, 0, 0, 0, 0, 0, 0, 0, 0, 0, 13.3785441914, 0, 0, 0, 0, 0, 0, 0, 0, 0, 0, 0, 0, 0, 0, 14.6885802303, 0, 0, 15.4570680819, 0, 0, 15.557782081, 14.6681608869, 11.3929987715, 0, 0, 3.12346168349, 0, -10.258765, 0, None, ]
[5.18038043274, 0, 0, 0, 7.85773451033, 0, 0, 0, 10.174500477, 0, 0, 0, 0, 0, 0, 0, 0, 0, 0, 0, 0, 12.1805898467, 0, 0, 0, 0, 0, 0, 0, 0, 0, 0, 0, 0, 13.9094009095, 0, 0, 0, 0, 0, 0, 0, 0, 0, 0, 0, 0, 0, 0, 15.2652744448, 0, 0, 16.066983904, 0, 0, 16.16867328, 15.1405307454, 11.4660138281, 0, 0, 2.78534160279, 0, -10.258765, 0, None, ]
[5.44803726315, 0, 0, 0, 8.18930936199, 0, 0, 0, 10.574987608, 0, 0, 0, 0, 0, 0, 0, 0, 0, 0, 0, 0, 12.653331859, 0, 0, 0, 0, 0, 0, 0, 0, 0, 0, 0, 0, 14.4448356103, 0, 0, 0, 0, 0, 0, 0, 0, 0, 0, 0, 0, 0, 0, 15.8452847209, 0, 0, 16.6769911549, 0, 0, 16.7657076212, 15.5729643935, 11.4979187522, 0, 0, 2.48103353016, 0, -10.258765, 0, None, ]
[5.72208257994, 0, 0, 0, 8.52777143672, 0, 0, 0, 10.9826954998, 0, 0, 0, 0, 0, 0, 0, 0, 0, 0, 0, 0, 13.1323377857, 0, 0, 0, 0, 0, 0, 0, 0, 0, 0, 0, 0, 14.9847220685, 0, 0, 0, 0, 0, 0, 0, 0, 0, 0, 0, 0, 0, 0, 16.4282885944, 0, 0, 17.2856951444, 0, 0, 17.3462775688, 15.9653448502, 11.4962054196, 0, 0, 2.20715626479, 0, -14.6322385, 0, None, ]
Policy - [3, 5, 0, 0, 0, 0, 0, 0, 3, 0, 0, 0, 0, 0, 0, 0, 0, 0, 0, 0, 0, 3, 0, 0, 0, 0, 0, 0, 0, 0, 0, 0, 0, 0, 4, 0, 0, 0, 0, 0, 0, 0, 0, 0, 0, 0, 0, 0, 0, 1, 0, 0, 5, 0, 2, 3, 4, 5, 0, 0, 6, 0, 6, 0, 1, ]
[6.00256618791, 0, 0, 0, 8.87315401607, 0, 0, 0, 11.397528405, 0, 0, 0, 0, 0, 0, 0, 0, 0, 0, 0, 0, 13.6174263668, 0, 0, 0, 0, 0, 0, 0, 0, 0, 0, 0, 0, 15.5289144382, 0, 0, 0, 0, 0, 0, 0, 0, 0, 0, 0, 0, 0, 0, 17.0138563924, 0, 0, 17.8915799241, 0, 0, 17.9080246435, 16.3183159451, 11.4672784326, 0, 0, 1.5233631107, 0, -14.6322385, 0, None, ]
[6.28953623918, 0, 0, 0, 9.22547747968, 0, 0, 0, 11.8193820269, 0, 0, 0, 0, 0, 0, 0, 0, 0, 0, 0, 0, 14.1084198848, 0, 0, 0, 0, 0, 0, 0, 0, 0, 0, 0, 0, 16.0772384951, 0, 0, 0, 0, 0, 0, 0, 0, 0, 0, 0, 0, 0, 0, 17.6014498298, 0, 0, 18.4930453158, 0, 0, 18.4488905905, 16.6330975211, 11.3728716668, 0, 0, 0.907949272014, 0, -14.6322385, 0, None, ]
[6.58303810846, 0, 0, 0, 9.58474974059, 0, 0, 0, 12.2481447285, 0, 0, 0, 0, 0, 0, 0, 0, 0, 0, 0, 0, 14.6051409734, 0, 0, 0, 0, 0, 0, 0, 0, 0, 0, 0, 0, 16.629483614, 0, 0, 0, 0, 0, 0, 0, 0, 0, 0, 0, 0, 0, 0, 18.1904244479, 0, 0, 19.0884453543, 0, 0, 18.9671449526, 16.9069612069, 11.2263703478, 0, 0, 0.354076817197, 0, -14.6322385, 0, None, ]
[6.88311342417, 0, 0, 0, 9.95096675794, 0, 0, 0, 12.6836983016, 0, 0, 0, 0, 0, 0, 0, 0, 0, 0, 0, 0, 15.1074089427, 0, 0, 0, 0, 0, 0, 0, 0, 0, 0, 0, 0, 17.1853957932, 0, 0, 0, 0, 0, 0, 0, 0, 0, 0, 0, 0, 0, 0, 18.7800356541, 0, 0, 19.6761256427, 0, 0, 19.4609575084, 17.1387898573, 11.039137454, 0, 0, 0, 0, -14.6322385, 0, None, ]
[7.18979924788, 0, 0, 0, 10.3241130753, 0, 0, 0, 13.1259182916, 0, 0, 0, 0, 0, 0, 0, 0, 0, 0, 0, 0, 15.6150357738, 0, 0, 0, 0, 0, 0, 0, 0, 0, 0, 0, 0, 17.7446719789, 0, 0, 0, 0, 0, 0, 0, 0, 0, 0, 0, 0, 0, 0, 19.3694478917, 0, 0, 20.2544142197, 0, 0, 19.9285693554, 17.3287142256, 10.8352237086, 0, 0, 1.0, 0, -14.6322385, 0, None, ]
[7.5031273895, 0, 0, 0, 10.7041623378, 0, 0, 0, 13.5746738895, 0, 0, 0, 0, 0, 0, 0, 0, 0, 0, 0, 0, 16.1278219476, 0, 0, 0, 0, 0, 0, 0, 0, 0, 0, 0, 0, 18.3069558757, 0, 0, 0, 0, 0, 0, 0, 0, 0, 0, 0, 0, 0, 0, 19.9577419804, 0, 0, 20.8216304476, 0, 0, 20.3684105553, 17.4792568216, 10.7516913377, 0, 0, 1.9, 0, -14.6322385, 0, None, ]
[7.8231238427, 0, 0, 0, 11.0910777462, 0, 0, 0, 14.0298274171, 0, 0, 0, 0, 0, 0, 0, 0, 0, 0, 0, 0, 16.6455522708, 0, 0, 0, 0, 0, 0, 0, 0, 0, 0, 0, 0, 18.8718349088, 0, 0, 0, 0, 0, 0, 0, 0, 0, 0, 0, 0, 0, 0, 20.5439226108, 0, 0, 21.3761047742, 0, 0, 20.7793203893, 17.6063927563, 10.7665032039, 0, 0, 2.71, 0, -14.6322385, 0, None, ]
[8.14980832227, 0, 0, 0, 11.484812415, 0, 0, 0, 14.4912334469, 0, 0, 0, 0, 0, 0, 0, 0, 0, 0, 0, 0, 17.1679918163, 0, 0, 0, 0, 0, 0, 0, 0, 0, 0, 0, 0, 19.4388382397, 0, 0, 0, 0, 0, 0, 0, 0, 0, 0, 0, 0, 0, 0, 21.1269270661, 0, 0, 21.9162185425, 0, 0, 21.1618515621, 17.7222961361, 10.8608257835, 0, 0, 3.439, 0, -14.6322385, 0, None, ]
[8.48319388342, 0, 0, 0, 11.8853096059, 0, 0, 0, 14.9587376039, 0, 0, 0, 0, 0, 0, 0, 0, 0, 0, 0, 0, 17.6948820702, 0, 0, 0, 0, 0, 0, 0, 0, 0, 0, 0, 0, 20.0074358531, 0, 0, 0, 0, 0, 0, 0, 0, 0, 0, 0, 0, 0, 0, 21.7056370515, 0, 0, 22.440570226, 0, 0, 21.5177187965, 17.8360404926, 11.0186088152, 0, 0, 4.0951, 0, -14.6322385, 0, None, ]
[8.82328660257, 0, 0, 0, 12.2925028183, 0, 0, 0, 15.4321751017, 0, 0, 0, 0, 0, 0, 0, 0, 0, 0, 0, 0, 18.2259373742, 0, 0, 0, 0, 0, 0, 0, 0, 0, 0, 0, 0, 20.5770389166, 0, 0, 0, 0, 0, 0, 0, 0, 0, 0, 0, 0, 0, 0, 22.2789059633, 0, 0, 22.9480699059, 0, 0, 21.8493726057, 17.9541871387, 11.2262169827, 0, 0, 4.68559, 7.0994, -14.6322385, 0, None, ]
Policy - [3, 5, 0, 0, 0, 0, 0, 0, 3, 0, 0, 0, 0, 0, 0, 0, 0, 0, 0, 0, 0, 3, 0, 0, 0, 0, 0, 0, 0, 0, 0, 0, 0, 0, 4, 0, 0, 0, 0, 0, 0, 0, 0, 0, 0, 0, 0, 0, 0, 1, 0, 0, 5, 0, 2, 3, 4, 5, 0, 0, 5, 6, 2, 0, 5, ]
[9.17008529911, 0, 0, 0, 12.7063157249, 0, 0, 0, 15.9113690696, 0, 0, 0, 0, 0, 0, 0, 0, 0, 0, 0, 0, 18.760841758, 0, 0, 0, 0, 0, 0, 0, 0, 0, 0, 0, 0, 21.1470028322, 0, 0, 0, 0, 0, 0, 0, 0, 0, 0, 0, 0, 0, 0, 22.8455928768, 0, 0, 23.4379816821, 0, 0, 22.1596745172, 18.081277861, 11.4721074285, 0, 0, 5.926900006, 13.48886, -14.6322385, 0, None, ]
[9.52358127854, 0, 0, 0, 13.1266619457, 0, 0, 0, 16.39612873, 0, 0, 0, 0, 0, 0, 0, 0, 0, 0, 0, 0, 19.2992463954, 0, 0, 0, 0, 0, 0, 0, 0, 0, 0, 0, 0, 21.7166333807, 0, 0, 0, 0, 0, 0, 0, 0, 0, 0, 0, 0, 0, 0, 23.4045973776, 0, 0, 23.9099293689, 0, 0, 22.4516540388, 18.2202460966, 11.8175274173, 0, 0, 7.6829611168, 19.239374, -14.6322385, 0, None, ]
[9.88375807863, 0, 0, 0, 13.5534446628, 0, 0, 0, 16.8862475041, 0, 0, 0, 0, 0, 0, 0, 0, 0, 0, 0, 0, 19.8407679276, 0, 0, 0, 0, 0, 0, 0, 0, 0, 0, 0, 0, 22.2851957344, 0, 0, 0, 0, 0, 0, 0, 0, 0, 0, 0, 0, 0, 0, 23.9548914774, 0, 0, 24.3638773193, 0, 0, 22.7283310421, 18.3798560534, 12.3039939576, 0, 0, 9.83841001138, 24.4148366, -14.6322385, 0, None, ]
[10.2505912026, 0, 0, 0, 13.9865560845, 0, 0, 0, 17.3815011388, 0, 0, 0, 0, 0, 0, 0, 0, 0, 0, 0, 0, 20.3849878563, 0, 0, 0, 0, 0, 0, 0, 0, 0, 0, 0, 0, 22.8519257598, 0, 0, 0, 0, 0, 0, 0, 0, 0, 0, 0, 0, 0, 0, 24.4955464228, 0, 0, 24.8000954083, 0, 0, 22.9932997447, 18.5721468039, 12.9573371789, 0, 0, 12.2958085219, 29.07275294, -14.6322385, 0, None, ]
[10.6240478252, 0, 0, 0, 14.4258767749, 0, 0, 0, 17.8816459606, 0, 0, 0, 0, 0, 0, 0, 0, 0, 0, 0, 0, 20.9314531274, 0, 0, 0, 0, 0, 0, 0, 0, 0, 0, 0, 0, 23.4160428707, 0, 0, 0, 0, 0, 0, 0, 0, 0, 0, 0, 0, 0, 0, 25.0257533204, 0, 0, 25.2191859089, 0, 0, 23.2509987291, 18.810536268, 13.7910613551, 0, 0, 14.9732122362, 33.264877646, -14.6322385, 0, None, ]
[11.0040864614, 0, 0, 0, 14.871274877, 0, 0, 0, 18.3864173628, 0, 0, 0, 0, 0, 0, 0, 0, 0, 0, 0, 0, 21.4796779413, 0, 0, 0, 0, 0, 0, 0, 0, 0, 0, 0, 0, 23.9767636581, 0, 0, 0, 0, 0, 0, 0, 0, 0, 0, 0, 0, 0, 0, 25.5448443874, 0, 0, 25.622134681, 0, 0, 23.5067643777, 19.1084508661, 14.8091267111, 0, 0, 17.8020461284, 37.0377898814, -14.6322385, 0, None, ]
[11.3906565902, 0, 0, 0, 15.3226052614, 0, 0, 0, 18.8955286239, 0, 0, 0, 0, 0, 0, 0, 0, 0, 0, 0, 0, 22.0291467454, 0, 0, 0, 0, 0, 0, 0, 0, 0, 0, 0, 0, 24.5333162826, 0, 0, 0, 0, 0, 0, 0, 0, 0, 0, 0, 0, 0, 0, 26.0523171954, 0, 0, 26.010362583, 0, 0, 23.766741942, 19.4783703593, 16.0082406323, 0, 0, 20.7252501258, 40.4334108933, -14.6322385, 0, None, ]
[11.7836982313, 0, 0, 0, 15.7797086424, 0, 0, 0, 19.4086701445, 0, 0, 0, 0, 0, 0, 0, 0, 0, 0, 0, 0, 22.5793183659, 0, 0, 0, 0, 0, 0, 0, 0, 0, 0, 0, 0, 25.0849558507, 0, 0, 0, 0, 0, 0, 0, 0, 0, 0, 0, 0, 0, 0, 26.5478616305, 0, 0, 26.3857628515, 0, 0, 24.03771, 19.9311973042, 17.3797343292, 0, 0, 23.6956618684, 43.4894698039, -14.6322385, 0, None, ]
[12.1831414753, 0, 0, 0, 16.2424107059, 0, 0, 0, 19.9255091735, 0, 0, 0, 0, 0, 0, 0, 0, 0, 0, 0, 0, 23.1296312648, 0, 0, 0, 0, 0, 0, 0, 0, 0, 0, 0, 0, 25.6309809501, 0, 0, 0, 0, 0, 0, 0, 0, 0, 0, 0, 0, 0, 0, 27.031387895, 0, 0, 26.7507171892, 0, 0, 24.3268594185, 20.4758772094, 18.9110901265, 0, 0, 26.6746077673, 46.2399228235, -14.6322385, 0, None, ]
[12.5889059743, 0, 0, 0, 16.7105212976, 0, 0, 0, 20.4456900863, 0, 0, 0, 0, 0, 0, 0, 0, 0, 0, 0, 0, 23.6795099235, 0, 0, 0, 0, 0, 0, 0, 0, 0, 0, 0, 0, 26.1707513307, 0, 0, 0, 0, 0, 0, 0, 0, 0, 0, 0, 0, 0, 0, 27.5030533173, 0, 0, 27.1080881436, 0, 0, 24.6415564388, 21.1192093902, 11.4206311138, 0, 0, 26.6746077673, 46.2399228235, -14.6322385, 0, None, ]
Policy - [3, 5, 0, 0, 0, 0, 0, 0, 3, 0, 0, 0, 0, 0, 0, 0, 0, 0, 0, 0, 0, 3, 0, 0, 0, 0, 0, 0, 0, 0, 0, 0, 0, 0, 4, 0, 0, 0, 0, 0, 0, 0, 0, 0, 0, 0, 0, 0, 0, 1, 0, 0, 5, 0, 2, 3, 4, 5, 0, 0, 5, 6, 2, 0, 5, ]
[13.0009004014, 0, 0, 0, 17.1838337195, 0, 0, 0, 20.9688352749, 0, 0, 0, 0, 0, 0, 0, 0, 0, 0, 0, 0, 24.2283723567, 0, 0, 0, 0, 0, 0, 0, 0, 0, 0, 0, 0, 26.7037064988, 0, 0, 0, 0, 0, 0, 0, 0, 0, 0, 0, 0, 0, 0, 27.963285719, 0, 0, 27.4611885575, 0, 0, 24.9891105418, 20.9492373563, 13.8457620331, 0, 0, 29.6306768737, 48.7153305412, -14.6322385, 0, None, ]
[13.4190218949, 0, 0, 0, 17.6621241867, 0, 0, 0, 21.4945466994, 0, 0, 0, 0, 0, 0, 0, 0, 0, 0, 0, 0, 24.7756387339, 0, 0, 0, 0, 0, 0, 0, 0, 0, 0, 0, 0, 27.229384788, 0, 0, 0, 0, 0, 0, 0, 0, 0, 0, 0, 0, 0, 0, 28.412801391, 0, 0, 27.8137308648, 0, 0, 25.2849137309, 21.0387513663, 16.3239572104, 0, 0, 32.5386550871, 50.9431974871, -14.6322385, 0, None, ]
[13.8431555028, 0, 0, 0, 18.1451514925, 0, 0, 0, 22.0224081465, 0, 0, 0, 0, 0, 0, 0, 0, 0, 0, 0, 0, 25.3207410454, 0, 0, 0, 0, 0, 0, 0, 0, 0, 0, 0, 0, 27.7474423203, 0, 0, 0, 0, 0, 0, 0, 0, 0, 0, 0, 0, 0, 0, 28.852616201, 0, 0, 28.1605963023, 0, 0, 25.5600871069, 21.3671087112, 18.8451016115, 0, 0, 35.3785998951, 52.9482777384, -14.6322385, 0, None, ]
[14.2731736503, 0, 0, 0, 18.6326569338, 0, 0, 0, 22.5519882289, 0, 0, 0, 0, 0, 0, 0, 0, 0, 0, 0, 0, 25.8631336985, 0, 0, 0, 0, 0, 0, 0, 0, 0, 0, 0, 0, 28.2576711822, 0, 0, 0, 0, 0, 0, 0, 0, 0, 0, 0, 0, 0, 0, 29.2831326052, 0, 0, 28.5002897819, 0, 0, 25.8405755963, 21.9147195502, 21.3980976539, 0, 0, 38.1350381967, 54.7528499645, -14.6322385, 0, None, ]
[14.7089356521, 0, 0, 0, 19.1243645435, 0, 0, 0, 23.0828441446, 0, 0, 0, 0, 0, 0, 0, 0, 0, 0, 0, 0, 26.4023048702, 0, 0, 0, 0, 0, 0, 0, 0, 0, 0, 0, 0, 28.7599244931, 0, 0, 0, 0, 0, 0, 0, 0, 0, 0, 0, 0, 0, 0, 29.70456332, 0, 0, 28.8340599576, 0, 0, 26.1477708445, 22.6628433796, 23.9714103578, 0, 0, 40.796271845, 56.3769649681, -14.6322385, 0, None, ]
[15.1502872975, 0, 0, 0, 19.6199816751, 0, 0, 0, 23.6145261941, 0, 0, 0, 0, 0, 0, 0, 0, 0, 0, 0, 0, 26.9377792332, 0, 0, 0, 0, 0, 0, 0, 0, 0, 0, 0, 0, 29.2540913302, 0, 0, 0, 0, 0, 0, 0, 0, 0, 0, 0, 0, 0, 0, 30.1172246431, 0, 0, 29.1651695686, 0, 0, 26.4990514695, 23.5934603633, 26.5534885438, 0, 0, 43.3537773876, 57.8386684713, -14.6322385, 0, None, ]
[15.5970605355, 0, 0, 0, 20.1191999818, 0, 0, 0, 24.1465821202, 0, 0, 0, 0, 0, 0, 0, 0, 0, 0, 0, 0, 27.469117902, 0, 0, 0, 0, 0, 0, 0, 0, 0, 0, 0, 0, 29.7401034892, 0, 0, 0, 0, 0, 0, 0, 0, 0, 0, 0, 0, 0, 0, 30.521727484, 0, 0, 29.4982927681, 0, 0, 26.9082564243, 24.6891976464, 29.1330838904, 0, 0, 45.8016881093, 59.1542016241, -14.6322385, 0, None, ]
[16.0490732881, 0, 0, 0, 20.6216967298, 0, 0, 0, 24.6785610072, 0, 0, 0, 0, 0, 0, 0, 0, 0, 0, 0, 0, 27.9959190597, 0, 0, 0, 0, 0, 0, 0, 0, 0, 0, 0, 0, 30.2179606714, 0, 0, 0, 0, 0, 0, 0, 0, 0, 0, 0, 0, 0, 0, 30.9190890295, 0, 0, 29.8390200512, 0, 0, 27.3861036545, 25.93329494, 31.6994862954, 0, 0, 48.1363479188, 60.3381814617, -14.6322385, 0, None, ]
[16.5061294153, 0, 0, 0, 21.1271363719, 0, 0, 0, 25.2100168533, 0, 0, 0, 0, 0, 0, 0, 0, 0, 0, 0, 0, 28.5178210413, 0, 0, 0, 0, 0, 0, 0, 0, 0, 0, 0, 0, 30.6877643164, 0, 0, 0, 0, 0, 0, 0, 0, 0, 0, 0, 0, 0, 0, 31.3107837414, 0, 0, 30.1934545505, 0, 0, 27.9405634501, 27.3095970807, 34.2426910943, 0, 0, 50.3559278913, 61.4037633156, -14.6322385, 0, None, ]
[16.9680188396, 0, 0, 0, 21.6351723199, 0, 0, 0, 25.7405120938, 0, 0, 0, 0, 0, 0, 0, 0, 0, 0, 0, 0, 29.0345084911, 0, 0, 0, 0, 0, 0, 0, 0, 0, 0, 0, 0, 31.149753151, 0, 0, 0, 0, 0, 0, 0, 0, 0, 0, 0, 0, 0, 0, 31.6987488878, 0, 0, 30.5678860348, 0, 0, 28.5771937172, 28.8025640551, 36.7535112147, 0, 0, 52.460097396, 62.362786984, -14.6322385, 0, None, ]
Policy - [3, 5, 0, 0, 0, 0, 0, 0, 3, 0, 0, 0, 0, 0, 0, 0, 0, 0, 0, 0, 0, 3, 0, 0, 0, 0, 0, 0, 0, 0, 0, 0, 0, 0, 4, 0, 0, 0, 0, 0, 0, 0, 0, 0, 0, 0, 0, 0, 0, 1, 0, 0, 5, 0, 2, 3, 4, 5, 0, 0, 5, 6, 2, 0, 5, ]
[17.4345178359, 0, 0, 0, 22.1454488922, 0, 0, 0, 26.2696213885, 0, 0, 0, 0, 0, 0, 0, 0, 0, 0, 0, 0, 29.5457214596, 0, 0, 0, 0, 0, 0, 0, 0, 0, 0, 0, 0, 31.6043357372, 0, 0, 0, 0, 0, 0, 0, 0, 0, 0, 0, 0, 0, 0, 32.0853569236, 0, 0, 30.9685310311, 0, 0, 29.2994427254, 30.397291236, 39.2236452318, 0, 0, 54.449742727, 63.2259082856, -14.6322385, 0, None, ]
[17.9053894871, 0, 0, 0, 22.6576034456, 0, 0, 0, 26.7969359384, 0, 0, 0, 0, 0, 0, 0, 0, 0, 0, 0, 0, 30.051266844, 0, 0, 0, 0, 0, 0, 0, 0, 0, 0, 0, 0, 32.0521170023, 0, 0, 0, 0, 0, 0, 0, 0, 0, 0, 0, 0, 0, 0, 32.4733646491, 0, 0, 31.4013292061, 0, 0, 30.1089236035, 32.0795343991, 41.6457104839, 0, 0, 56.3267270238, 64.002717457, -14.6322385, 0, None, ]
[18.3803843069, 0, 0, 0, 23.1712687255, 0, 0, 0, 27.3220685163, 0, 0, 0, 0, 0, 0, 0, 0, 0, 0, 0, 0, 30.5510313386, 0, 0, 0, 0, 0, 0, 0, 0, 0, 0, 0, 0, 32.4939170333, 0, 0, 0, 0, 0, 0, 0, 0, 0, 0, 0, 0, 0, 0, 32.8658470915, 0, 0, 31.8717875566, 0, 0, 31.0056638877, 33.8357355505, 44.0132488706, 0, 0, 58.0936860399, 64.7018457113, -14.6322385, 0, None, ]
[18.859241036, 0, 0, 0, 23.6860754839, 0, 0, 0, 27.8446592882, 0, 0, 0, 0, 0, 0, 0, 0, 0, 0, 0, 0, 31.0449949689, 0, 0, 0, 0, 0, 0, 0, 0, 0, 0, 0, 0, 32.9307813807, 0, 0, 0, 0, 0, 0, 0, 0, 0, 0, 0, 0, 0, 0, 33.2661224201, 0, 0, 32.3848651331, 0, 0, 31.9883326967, 35.65304675, 46.3207116507, 0, 0, 59.7538549886, 65.3310611402, -14.6322385, 0, None, ]
[19.3416876201, 0, 0, 0, 24.2016554177, 0, 0, 0, 28.3643824063, 0, 0, 0, 0, 0, 0, 0, 0, 0, 0, 0, 0, 31.5332443023, 0, 0, 0, 0, 0, 0, 0, 0, 0, 0, 0, 0, 33.3639828234, 0, 0, 0, 0, 0, 0, 0, 0, 0, 0, 0, 0, 0, 0, 33.6776728428, 0, 0, 32.9448920061, 0, 0, 33.0544475715, 37.519350033, 48.5634284459, 0, 0, 61.3109222931, 65.8973550262, -14.6322385, 0, None, ]
[19.8274423833, 0, 0, 0, 24.7176444728, 0, 0, 0, 28.8809532635, 0, 0, 0, 0, 0, 0, 0, 0, 0, 0, 0, 0, 32.0159845146, 0, 0, 0, 0, 0, 0, 0, 0, 0, 0, 0, 0, 33.7950150486, 0, 0, 0, 0, 0, 0, 0, 0, 0, 0, 0, 0, 0, 0, 34.1040653102, 0, 0, 33.5555170182, 0, 0, 34.2005626242, 39.42327224, 50.7375647214, 0, 0, 62.7689065929, 66.4070195236, -14.6322385, 0, None, ]
[20.3162154158, 0, 0, 0, 25.2336865423, 0, 0, 0, 29.3941362287, 0, 0, 0, 0, 0, 0, 0, 0, 0, 0, 0, 0, 32.4935496178, 0, 0, 0, 0, 0, 0, 0, 0, 0, 0, 0, 0, 34.2255790341, 0, 0, 0, 0, 0, 0, 0, 0, 0, 0, 0, 0, 0, 0, 34.5488749258, 0, 0, 34.2196795732, 0, 0, 35.422439353, 41.3541941125, 52.8400712195, 0, 0, 64.1320538158, 66.8657175712, -14.6322385, 0, None, ]
[20.8077101916, 0, 0, 0, 25.7494375696, 0, 0, 0, 29.9037526322, 0, 0, 0, 0, 0, 0, 0, 0, 0, 0, 0, 0, 32.9664103037, 0, 0, 0, 0, 0, 0, 0, 0, 0, 0, 0, 0, 34.6575631345, 0, 0, 0, 0, 0, 0, 0, 0, 0, 0, 0, 0, 0, 0, 35.0156131938, 0, 0, 34.9396013268, 0, 0, 36.715201287, 43.3022534225, 54.8686281586, 0, 0, 65.4047515341, 67.2785458141, -14.6322385, 0, None, ]
[21.301625435, 0, 0, 0, 26.2645700383, 0, 0, 0, 30.4096887352, 0, 0, 0, 0, 0, 0, 0, 0, 0, 0, 0, 0, 33.4351790111, 0, 0, 0, 0, 0, 0, 0, 0, 0, 0, 0, 0, 35.0930179843, 0, 0, 0, 0, 0, 0, 0, 0, 0, 0, 0, 0, 0, 0, 35.5076626111, 0, 0, 35.7167941708, 0, 0, 38.073473478, 45.2583422098, 56.8215864486, 0, 0, 66.5914581767, 67.6500912327, -14.6322385, 0, None, ]
[21.7976572496, 0, 0, 0, 26.7787778111, 0, 0, 0, 30.911903411, 0, 0, 0, 0, 0, 0, 0, 0, 0, 0, 0, 0, 33.9006119783, 0, 0, 0, 0, 0, 0, 0, 0, 0, 0, 0, 0, 35.5341273704, 0, 0, 0, 0, 0, 0, 0, 0, 0, 0, 0, 0, 0, 0, 36.0282185991, 0, 0, 36.5520813668, 0, 0, 39.4915077678, 47.2140984178, 58.6979077069, 0, 0, 67.6966449814, 67.9844821094, -14.6322385, 0, None, ]
Policy - [3, 5, 0, 0, 0, 0, 0, 0, 3, 0, 0, 0, 0, 0, 0, 0, 0, 0, 0, 0, 0, 3, 0, 0, 0, 0, 0, 0, 0, 0, 0, 0, 0, 0, 4, 0, 0, 0, 0, 0, 0, 0, 0, 0, 0, 0, 0, 0, 0, 1, 0, 0, 5, 0, 2, 3, 4, 5, 0, 0, 5, 6, 2, 0, 5, ]
[22.295501518, 0, 0, 0, 27.2917812521, 0, 0, 0, 31.4104352616, 0, 0, 0, 0, 0, 0, 0, 0, 0, 0, 0, 0, 34.3636081762, 0, 0, 0, 0, 0, 0, 0, 0, 0, 0, 0, 0, 35.9831762111, 0, 0, 0, 0, 0, 0, 0, 0, 0, 0, 0, 0, 0, 0, 36.580239355, 0, 0, 37.4456290918, 0, 0, 40.9632946918, 49.1618923676, 60.4971044679, 0, 0, 68.7247488493, 68.2854338985, -14.6322385, 0, None, ]
[22.7948565736, 0, 0, 0, 27.8033325487, 0, 0, 0, 31.905408917, 0, 0, 0, 0, 0, 0, 0, 0, 0, 0, 0, 0, 34.8252051479, 0, 0, 0, 0, 0, 0, 0, 0, 0, 0, 0, 0, 36.4425167231, 0, 0, 0, 0, 0, 0, 0, 0, 0, 0, 0, 0, 0, 0, 37.1664038724, 0, 0, 38.3969860188, 0, 0, 42.4826628405, 51.0948086066, 62.2191816585, 0, 0, 69.6801344999, 68.5562905086, -14.6322385, 0, None, ]
[23.2954261378, 0, 0, 0, 28.3132211314, 0, 0, 0, 32.397040288, 0, 0, 0, 0, 0, 0, 0, 0, 0, 0, 0, 0, 35.2865718803, 0, 0, 0, 0, 0, 0, 0, 0, 0, 0, 0, 0, 36.914533774, 0, 0, 0, 0, 0, 0, 0, 0, 0, 0, 0, 0, 0, 0, 37.7890781172, 0, 0, 39.4051288744, 0, 0, 44.043366469, 53.00662372, 63.8645801413, 0, 0, 70.5670645379, 68.8000614578, -14.6322385, 0, None, ]
[23.7969225049, 0, 0, 0, 28.8212790767, 0, 0, 0, 32.8856405815, 0, 0, 0, 0, 0, 0, 0, 0, 0, 0, 0, 0, 35.7489989243, 0, 0, 0, 0, 0, 0, 0, 0, 0, 0, 0, 0, 37.4016103175, 0, 0, 0, 0, 0, 0, 0, 0, 0, 0, 0, 0, 0, 0, 38.4502891416, 0, 0, 40.4685122002, 0, 0, 45.6391621279, 54.8917807163, 65.4341229103, 0, 0, 71.3896762293, 69.019455312, -14.6322385, 0, None, ]
[24.2990699493, 0, 0, 0, 29.3273863708, 0, 0, 0, 33.3716189258, 0, 0, 0, 0, 0, 0, 0, 0, 0, 0, 0, 0, 36.2138860475, 0, 0, 0, 0, 0, 0, 0, 0, 0, 0, 0, 0, 37.906093697, 0, 0, 0, 0, 0, 0, 0, 0, 0, 0, 0, 0, 0, 0, 39.1517067624, 0, 0, 41.5851208013, 0, 0, 47.2638750689, 56.7453605945, 66.9289643455, 0, 0, 72.151963943, 69.2169097808, -14.6322385, 0, None, ]
[24.8016083176, 0, 0, 0, 29.8314759101, 0, 0, 0, 33.8554834991, 0, 0, 0, 0, 0, 0, 0, 0, 0, 0, 0, 0, 36.6827277515, 0, 0, 0, 0, 0, 0, 0, 0, 0, 0, 0, 0, 38.4302634865, 0, 0, 0, 0, 0, 0, 0, 0, 0, 0, 0, 0, 0, 0, 39.8946323151, 0, 0, 42.7525235893, 0, 0, 48.9114561679, 58.56305168, 68.3505427856, 0, 0, 72.8577663577, 69.3946188027, -14.6322385, 0, None, ]
[25.3042967621, 0, 0, 0, 30.3335381141, 0, 0, 0, 34.3378410971, 0, 0, 0, 0, 0, 0, 0, 0, 0, 0, 0, 0, 37.1570970224, 0, 0, 0, 0, 0, 0, 0, 0, 0, 0, 0, 0, 38.976301423, 0, 0, 0, 0, 0, 0, 0, 0, 0, 0, 0, 0, 0, 0, 40.6799939172, 0, 0, 43.9679277326, 0, 0, 50.5760300885, 60.3411172851, 69.7005365651, 0, 0, 73.510757656, 69.5545569224, -14.6322385, 0, None, ]
[25.8069175619, 0, 0, 0, 30.833625034, 0, 0, 0, 34.8193951187, 0, 0, 0, 0, 0, 0, 0, 0, 0, 0, 0, 0, 37.6386276994, 0, 0, 0, 0, 0, 0, 0, 0, 0, 0, 0, 0, 39.5462638725, 0, 0, 0, 0, 0, 0, 0, 0, 0, 0, 0, 0, 0, 0, 41.5083476195, 0, 0, 45.2282322079, 0, 0, 52.251935397, 62.0763622077, 70.9808235666, 0, 0, 74.1144420371, 69.6985012302, -14.6322385, 0, None, ]
[26.3092799729, 0, 0, 0, 31.3318538485, 0, 0, 0, 35.3009419905, 0, 0, 0, 0, 0, 0, 0, 0, 0, 0, 0, 0, 38.1289958541, 0, 0, 0, 0, 0, 0, 0, 0, 0, 0, 0, 0, 40.1420571637, 0, 0, 0, 0, 0, 0, 0, 0, 0, 0, 0, 0, 0, 0, 42.379883796, 0, 0, 46.5300800075, 0, 0, 53.9337573145, 63.7660985354, 72.1934442692, 0, 0, 74.6721509714, 69.8280511072, -14.6322385, 0, None, ]
[26.8112240419, 0, 0, 0, 31.8284096533, 0, 0, 0, 35.7833660869, 0, 0, 0, 0, 0, 0, 0, 0, 0, 0, 0, 0, 38.6299005645, 0, 0, 0, 0, 0, 0, 0, 0, 0, 0, 0, 0, 40.7654160281, 0, 0, 0, 0, 0, 0, 0, 0, 0, 0, 0, 0, 0, 0, 43.2944381164, 0, 0, 47.8699084006, 0, 0, 55.6163537756, 65.4081111743, 73.3405682179, 0, 0, 75.1870427044, 69.9446459965, -14.6322385, 0, None, ]
Policy - [3, 5, 0, 0, 0, 0, 0, 0, 3, 0, 0, 0, 0, 0, 0, 0, 0, 0, 0, 0, 0, 3, 0, 0, 0, 0, 0, 0, 0, 0, 0, 0, 0, 0, 4, 0, 0, 0, 0, 0, 0, 0, 0, 0, 0, 0, 0, 0, 0, 1, 0, 0, 5, 0, 2, 3, 4, 5, 0, 0, 5, 6, 2, 0, 5, ]
[27.3126243189, 0, 0, 0, 32.323547463, 0, 0, 0, 36.2676332356, 0, 0, 0, 0, 0, 0, 0, 0, 0, 0, 0, 0, 39.1430444567, 0, 0, 0, 0, 0, 0, 0, 0, 0, 0, 0, 0, 41.4178852926, 0, 0, 0, 0, 0, 0, 0, 0, 0, 0, 0, 0, 0, 0, 44.2515064457, 0, 0, 49.2439967746, 0, 0, 57.2948754343, 67.000623473, 74.4244637962, 0, 0, 75.6621035872, 70.0495813968, -14.6322385, 0, None, ]
[27.8133933979, 0, 0, 0, 32.8175933639, 0, 0, 0, 36.7547829273, 0, 0, 0, 0, 0, 0, 0, 0, 0, 0, 0, 0, 39.6701143614, 0, 0, 0, 0, 0, 0, 0, 0, 0, 0, 0, 0, 42.1008048928, 0, 0, 0, 0, 0, 0, 0, 0, 0, 0, 0, 0, 0, 0, 45.2502630386, 0, 0, 50.6485116918, 0, 0, 58.964780232, 68.5422632607, 75.4474711542, 0, 0, 76.1001508723, 70.1440232571, -14.6322385, 0, None, ]
[28.3134852185, 0, 0, 0, 33.3109447724, 0, 0, 0, 37.2459193696, 0, 0, 0, 0, 0, 0, 0, 0, 0, 0, 0, 0, 40.2127624065, 0, 0, 0, 0, 0, 0, 0, 0, 0, 0, 0, 0, 42.8152982048, 0, 0, 0, 0, 0, 0, 0, 0, 0, 0, 0, 0, 0, 0, 46.2895814188, 0, 0, 52.079548898, 0, 0, 60.6218431122, 70.0320295753, 76.4119781245, 0, 0, 76.5038366706, 70.2290209314, -14.6322385, 0, None, ]
[28.8128980645, 0, 0, 0, 33.804069773, 0, 0, 0, 37.7422015456, 0, 0, 0, 0, 0, 0, 0, 0, 0, 0, 0, 0, 40.7725878334, 0, 0, 0, 0, 0, 0, 0, 0, 0, 0, 0, 0, 43.5622636304, 0, 0, 0, 0, 0, 0, 0, 0, 0, 0, 0, 0, 0, 0, 47.3680573713, 0, 0, 53.533172101, 0, 0, 62.2621614382, 71.4692603105, 77.3203989408, 0, 0, 76.8756528064, 70.3055188383, -14.6322385, 0, None, ]
[29.3116771946, 0, 0, 0, 34.2975055282, 0, 0, 0, 38.2448324485, 0, 0, 0, 0, 0, 0, 0, 0, 0, 0, 0, 0, 41.3511197904, 0, 0, 0, 0, 0, 0, 0, 0, 0, 0, 0, 0, 44.3423693239, 0, 0, 0, 0, 0, 0, 0, 0, 0, 0, 0, 0, 0, 0, 48.4840335125, 0, 0, 55.0054484131, 0, 0, 63.8821566328, 72.8536009695, 78.1751555708, 0, 0, 77.2179363544, 70.3743669544, -14.6322385, 0, None, ]
[29.8099170529, 0, 0, 0, 34.7918557719, 0, 0, 0, 38.7550476715, 0, 0, 0, 0, 0, 0, 0, 0, 0, 0, 0, 0, 41.9498013201, 0, 0, 0, 0, 0, 0, 0, 0, 0, 0, 0, 0, 45.1560509024, 0, 0, 0, 0, 0, 0, 0, 0, 0, 0, 0, 0, 0, 0, 49.6356249481, 0, 0, 56.4924804135, 0, 0, 65.4785725305, 74.1849746781, 78.9786614698, 0, 0, 77.5328756708, 70.436330259, -14.6322385, 0, None, ]
[30.3077630063, 0, 0, 0, 35.2877874114, 0, 0, 0, 39.2741035384, 0, 0, 0, 0, 0, 0, 0, 0, 0, 0, 0, 0, 42.5699747178, 0, 0, 0, 0, 0, 0, 0, 0, 0, 0, 0, 0, 46.0035119507, 0, 0, 0, 0, 0, 0, 0, 0, 0, 0, 0, 0, 0, 0, 50.8207455698, 0, 0, 57.9904348395, 0, 0, 67.0484708955, 75.4635535706, 79.7333075611, 0, 0, 77.8225167663, 70.4920972331, -14.6322385, 0, None, ]
[30.8054125689, 0, 0, 0, 35.7860262831, 0, 0, 0, 39.8032649566, 0, 0, 0, 0, 0, 0, 0, 0, 0, 0, 0, 0, 43.212868406, 0, 0, 0, 0, 0, 0, 0, 0, 0, 0, 0, 0, 46.8847271052, 0, 0, 0, 0, 0, 0, 0, 0, 0, 0, 0, 0, 0, 0, 52.0371345924, 0, 0, 59.4955679604, 0, 0, 68.5892245275, 76.6897316366, 80.4414502565, 0, 0, 78.088769892, 70.5422875098, -14.6322385, 0, None, ]
[31.3031160801, 0, 0, 0, 36.2873521178, 0, 0, 0, 40.3437931728, 0, 0, 0, 0, 0, 0, 0, 0, 0, 0, 0, 0, 43.8795854286, 0, 0, 0, 0, 0, 0, 0, 0, 0, 0, 0, 0, 47.7994474826, 0, 0, 0, 0, 0, 0, 0, 0, 0, 0, 0, 0, 0, 0, 53.2823829736, 0, 0, 61.0042477248, 0, 0, 70.0985083411, 77.8640990841, 81.1054013323, 0, 0, 78.3334162309, 70.5874587588, -14.6322385, 0, None, ]
[31.8011768103, 0, 0, 0, 36.7925927853, 0, 0, 0, 40.8969336025, 0, 0, 0, 0, 0, 0, 0, 0, 0, 0, 0, 0, 44.5710936395, 0, 0, 0, 0, 0, 0, 0, 0, 0, 0, 0, 0, 48.7472082078, 0, 0, 0, 0, 0, 0, 0, 0, 0, 0, 0, 0, 0, 0, 54.5539594062, 0, 0, 62.5129728014, 0, 0, 71.5742887744, 78.9874182549, 81.727419488, 0, 0, 78.5581146091, 70.6281128829, -14.6322385, 0, None, ]
Policy - [3, 5, 0, 0, 0, 0, 0, 0, 3, 0, 0, 0, 0, 0, 0, 0, 0, 0, 0, 0, 0, 3, 0, 0, 0, 0, 0, 0, 0, 0, 0, 0, 0, 0, 4, 0, 0, 0, 0, 0, 0, 0, 0, 0, 0, 0, 0, 0, 0, 1, 0, 0, 5, 0, 2, 3, 4, 5, 0, 0, 5, 6, 2, 0, 5, ]
