[0, 0, 0, 0, 0, 0, 0, 0, 0, 0, 0, 0, 0, 0, 0, 0, 0, 0, 0, 0, 0, 0, 0, 0, 0, 0, 0, 0, 0, 0, 0, 0, 0, 0, 0, 0, 0, 0, 0, 0, 0, 0, 0, 0, 0, 0, 0, 0, 0, 0, 0, 0, 0, 0, 0, 0, 0, 0, 0, 0, 0, 0, 0, 0, 0, ]
[0.0, 0, 0, 0, 0, 0, 0, 0, 0, 0, 0, 0, 0, 0, 0, 0, 0, 0, 0, 0, 0, 0, 0, 0, 0, 0, 0, 0, 0, 0, 0, 0, 0, 0, 0, 0, 0, 0, 0, 0, 0, 0, 0, 0, 0, 0, 0, 0, 0, 0, 0, 0, 0, 0, 0, 0, 0, 0, 0, 0, 0, 0, 0, 0, None, ]
[0.0, 0, 0, 0, 0.1, 0, 0, 0, 0, 0, 0, 0, 0, 0, 0, 0, 0, 0, 0, 0, 0, 0, 0, 0, 0, 0, 0, 0, 0, 0, 0, 0, 0, 0, 0, 0, 0, 0, 0, 0, 0, 0, 0, 0, 0, 0, 0, 0, 0, 0, 0, 0, 0, 0, 0, 0, 0, 0, 0, 0, 0, 0, 0, 0, None, ]
[0.009999, 0, 0, 0, 0.19, 0, 0, 0, 0.2, 0, 0, 0, 0, 0, 0, 0, 0, 0, 0, 0, 0, 0, 0, 0, 0, 0, 0, 0, 0, 0, 0, 0, 0, 0, 0, 0, 0, 0, 0, 0, 0, 0, 0, 0, 0, 0, 0, 0, 0, 0, 0, 0, 0, 0, 0, 0, 0, 0, 0, 0, 0, 0, 0, 0, None, ]
[0.0279972, 0, 0, 0, 0.290998, 0, 0, 0, 0.38, 0, 0, 0, 0, 0, 0, 0, 0, 0, 0, 0, 0, 0, 0, 0, 0, 0, 0, 0, 0, 0, 0, 0, 0, 0, 0, 0, 0, 0, 0, 0, 0, 0, 0, 0, 0, 0, 0, 0, 0, 0, 0, 0, 0, 0, 0, 0, 0, 0, 0, 0, 0, 0, 0, 0, None, ]
[0.05429437002, 0, 0, 0, 0.3998944, 0, 0, 0, 0.542, 0, 0, 0, 0, 0, 0, 0, 0, 0, 0, 0, 0, 0.3, 0, 0, 0, 0, 0, 0, 0, 0, 0, 0, 0, 0, 0, 0, 0, 0, 0, 0, 0, 0, 0, 0, 0, 0, 0, 0, 0, 0, 0, 0, 0, 0, 0, 0, 0, 0, 0, 0, 0, 0, 0, 0, None, ]
[0.088850374074, 0, 0, 0, 0.51409954, 0, 0, 0, 0.717797, 0, 0, 0, 0, 0, 0, 0, 0, 0, 0, 0, 0, 0.57, 0, 0, 0, 0, 0, 0, 0, 0, 0, 0, 0, 0, 0, 0, 0, 0, 0, 0, 0, 0, 0, 0, 0, 0, 0, 0, 0, 0, 0, 0, 0, 0, 0, 0, 0, 0, 0, 0, 0, 0, 0, 0, None, ]
[0.131370149671, 0, 0, 0, 0.63446210803, 0, 0, 0, 0.9030116, 0, 0, 0, 0, 0, 0, 0, 0, 0, 0, 0, 0, 0.813, 0, 0, 0, 0, 0, 0, 0, 0, 0, 0, 0, 0, 0, 0, 0, 0, 0, 0, 0, 0, 0, 0, 0, 0, 0, 0, 0, 0, 0, 0, 0, 0, 0, 0, 0, 0, 0, 0, 0, 0, 0, 0, None, ]
[0.181673000886, 0, 0, 0, 0.761308027111, 0, 0, 0, 1.09400231, 0, 0, 0, 0, 0, 0, 0, 0, 0, 0, 0, 0, 1.0317, 0, 0, 0, 0, 0, 0, 0, 0, 0, 0, 0, 0, 0, 0, 0, 0, 0, 0, 0, 0, 0, 0, 0, 0, 0, 0, 0, 0, 0, 0, 0, 0, 0, 0, 0, 0, 0, 0, 0, 0, 0, 0, None, ]
[0.239628890428, 0, 0, 0, 0.894566515377, 0, 0, 0, 1.287761762, 0, 0, 0, 0, 0, 0, 0, 0, 0, 0, 0, 0, 1.22853, 0, 0, 0, 0, 0, 0, 0, 0, 0, 0, 0, 0, 0, 0, 0, 0, 0, 0, 0, 0, 0, 0, 0, 0, 0, 0, 0, 0, 0, 0, 0, 0, 0, 0, 0, 0, 0, 0, 0, 0, 0, 0, None, ]
[0.305113707258, 0, 0, 0, 1.03387316242, 0, 0, 0, 1.4818263005, 0, 0, 0, 0, 0, 0, 0, 0, 0, 0, 0, 0, 1.405677, 0, 0, 0, 0, 0, 0, 0, 0, 0, 0, 0, 0, 0, 0, 0, 0, 0, 0, 0, 0, 0, 0, 0, 0, 0, 0, 0, 0, 0, 0, 0, 0, 0, 0, 0, 0, 0, 0, 0, 0, 0, 0, None, ]
Policy - [3, 3, 0, 0, 0, 0, 0, 0, 3, 0, 0, 0, 0, 0, 0, 0, 0, 0, 0, 0, 0, 5, 0, 0, 0, 0, 0, 0, 0, 0, 0, 0, 0, 0, 0, 0, 3, 0, 0, 0, 0, 0, 0, 0, 0, 0, 0, 0, 0, 0, 0, 0, 0, 0, 0, 3, 0, 0, 0, 0, 0, 0, 0, 0, 2, ]
[0.377979314043, 0, 0, 0, 1.17865365797, 0, 0, 0, 1.67419731368, 0, 0, 0, 0, 0, 0, 0, 0, 0, 0, 0, 0, 1.5651093, 0, 0, 0, 0, 0, 0, 0, 0, 0, 0, 0, 0, 0, 0, 0.4, 0, 0, 0, 0, 0, 0, 0, 0, 0, 0, 0, 0, 0, 0, 0, 0, 0, 0, 0, 0, 0, 0, 0, 0, 0, 0, 0, None, ]
[0.458034961898, 0, 0, 0, 1.32819128156, 0, 0, 0, 1.86327286122, 0, 0, 0, 0, 0, 0, 0, 0, 0, 0, 0, 0, 1.74859437, 0, 0, 0, 0, 0, 0, 0, 0, 0, 0, 0, 0, 0, 0, 0.76, 0, 0, 0, 0, 0, 0, 0, 0, 0, 0, 0, 0, 0, 0, 0, 0, 0, 0, 0, 0, 0, 0, 0, 0, 0, 0, 0, None, ]
[0.545037311952, 0, 0, 0, 1.4816808068, 0, 0, 0, 2.05178752615, 0, 0, 0, 0, 0, 0, 0, 0, 0, 0, 0, 0, 1.949727333, 0, 0, 0, 0, 0, 0, 0, 0, 0, 0, 0, 0, 0, 0, 1.084, 0, 0, 0, 0, 0, 0, 0, 0, 0, 0, 0, 0, 0, 0, 0, 0, 0, 0, 0.7, 0, 0, 0, 0, 0, 0, 0, 0, None, ]
[0.638686844629, 0, 0, 0, 1.63867096086, 0, 0, 0, 2.24156200956, 0, 0, 0, 0, 0, 0, 0, 0, 0, 0, 0, 0, 2.1631437597, 0, 0, 0, 0, 0, 0, 0, 0, 0, 0, 0, 0, 0, 0, 1.3756, 0, 0, 0, 0, 0, 0, 0, 0, 0, 0, 0, 0, 0.5, 0, 0, 0, 0, 0, 0.7, 0, 0, 0, 0, 0, 0, 0, 0, None, ]
[0.738668869543, 0, 0, 0, 1.79893765011, 0, 0, 0, 2.43369855314, 0, 0, 0, 0, 0, 0, 0, 0, 0, 0, 0, 0, 2.38437562773, 0, 0, 0, 0, 0, 0, 0, 0, 0, 0, 0, 0, 0, 0, 1.688035, 0, 0, 0, 0, 0, 0, 0, 0, 0, 0, 0, 0, 0.95, 0, 0, 0, 0, 0, 0.7, 0, 0, 0, 0, 0, 0, 0, 0, None, ]
[0.844677758223, 0, 0, 0, 1.96238940343, 0, 0, 0, 2.62874241684, 0, 0, 0, 0, 0, 0, 0, 0, 0, 0, 0, 0, 2.61472468461, 0, 0, 0, 0, 0, 0, 0, 0, 0, 0, 0, 0, 0, 0, 2.014222, 0, 0, 0, 0, 0, 0, 0, 0, 0, 0, 0, 0, 1.355, 0, 0, 0, 0, 0, 0.7, 0, 0, 0, 0, 0, 0, 0, 0, None, ]
[0.95642929885, 0, 0, 0, 2.12899841735, 0, 0, 0, 2.82731449637, 0, 0, 0, 0, 0, 0, 0, 0, 0, 0, 0, 0, 2.85465427393, 0, 0, 0, 0, 0, 0, 0, 0, 0, 0, 0, 0, 0, 0, 2.34828625, 0, 0, 0, 0, 0, 0, 0, 0, 0, 0, 0, 0, 1.7195, 0, 0, 0.669993, 0, 0, 1.33, 0, 0, 0, 0, 0, 0, 0, 0, None, ]
[1.07366492072, 0, 0, 0, 2.2988017521, 0, 0, 0, 3.03001992759, 0, 0, 0, 0, 0, 0, 0, 0, 0, 0, 0, 0, 3.10399398867, 0, 0, 0, 0, 0, 0, 0, 0, 0, 0, 0, 0, 0, 0, 2.68539043, 0, 0, 0, 0, 0, 0, 0, 0, 0, 0, 0, 0, 2.11454260007, 0, 0, 1.3359804, 0, 0, 1.897, 0.8, 0, 0, 0, 0, 0, 0, 0, None, ]
[1.19615561584, 0, 0, 0, 2.47189326945, 0, 0, 0, 3.23738629375, 0, 0, 0, 0, 0, 0, 0, 0, 0, 0, 0, 0, 3.3621067789, 0, 0, 0, 0, 0, 0, 0, 0, 0, 0, 0, 0, 0, 0, 3.02828450158, 0, 0, 0, 0, 0, 0, 0, 0, 0, 0, 0, 0, 2.53667302026, 0, 0, 1.99206339, 0, 0, 2.487292, 1.52, 0.9, 0, 0, 0, 0, 0, 0, None, ]
[1.32370466227, 0, 0, 0, 2.64841019802, 0, 0, 0, 3.4498247212, 0, 0, 0, 0, 0, 0, 0, 0, 0, 0, 0, 0, 3.62869426832, 0, 0, 0, 0, 0, 0, 0, 0, 0, 0, 0, 0, 0, 0, 3.37909798672, 0, 0, 0, 0, 0, 0, 0, 0, 0, 0, 0, 0, 2.9821921366, 0, 0, 2.64156137808, 0, 0, 3.0905476, 2.257991, 1.71, 0, 0, 0, 0, 0, 0, None, ]
Policy - [3, 3, 0, 0, 0, 0, 0, 0, 3, 0, 0, 0, 0, 0, 0, 0, 0, 0, 0, 0, 0, 5, 0, 0, 0, 0, 0, 0, 0, 0, 0, 0, 0, 0, 0, 0, 3, 0, 0, 0, 0, 0, 0, 0, 0, 0, 0, 0, 0, 1, 0, 0, 5, 0, 0, 3, 4, 5, 0, 0, 3, 0, 0, 0, 2, ]
[1.45614873174, 0, 0, 0, 2.82851715209, 0, 0, 0, 3.66767538897, 0, 0, 0, 0, 0, 0, 0, 0, 0, 0, 0, 0, 3.90370084918, 0, 0, 0, 0, 0, 0, 0, 0, 0, 0, 0, 0, 0, 0, 3.73937757979, 0, 0, 0, 0, 0, 0, 0, 0, 0, 0, 0, 0, 3.44810264513, 0, 0, 3.2864290948, 0, 0, 3.70726936009, 3.0031748, 2.439, 0, 0, 0, 0, 0, 0, None, ]
[1.5933572886, 0, 0, 0, 3.01239629902, 0, 0, 0, 3.89123889798, 0, 0, 0, 0, 0, 0, 0, 0, 0, 0, 0, 0, 4.18723112847, 0, 0, 0, 0, 0, 0, 0, 0, 0, 0, 0, 0, 0, 0, 4.11021560529, 0, 0, 0, 0, 0, 0, 0, 0, 0, 0, 0, 0, 3.93190242581, 0, 0, 3.92847604863, 0, 0, 4.33682987233, 3.74673293, 3.0951, 0, 0, 1.0, 0, 0, 0, None, ]
[1.73523106568, 0, 0, 0, 3.20024164653, 0, 0, 0, 4.12079624872, 0, 0, 0, 0, 0, 0, 0, 0, 0, 0, 0, 0, 4.47948847399, 0, 0, 0, 0, 0, 0, 0, 0, 0, 0, 0, 0, 0, 0, 4.49234496832, 0, 0, 0, 0, 0, 0, 0, 0, 0, 0, 0, 0, 4.43152050333, 0, 0, 4.5692680627, 0, 0, 4.97778271077, 4.481538686, 3.78558, 0, 0, 1.9, 0, 0, 0, None, ]
[1.88170012135, 0, 0, 0, 3.39225589879, 0, 0, 0, 4.35662067636, 0, 0, 0, 0, 0, 0, 0, 0, 0, 0, 0, 0, 4.78072919998, 0, 0, 0, 0, 0, 0, 0, 0, 0, 0, 0, 0, 0, 0, 4.88621820662, 0, 0, 0, 0, 0, 0, 0, 0, 0, 0, 0, 0, 4.94524956659, 0, 0, 5.21006974968, 0, 0, 5.62811349291, 5.2119049616, 4.497003, 0, 0, 2.71, 0, 0, 0, None, ]
[2.03272177654, 0, 0, 0, 3.58864881034, 0, 0, 0, 4.59898372143, 0, 0, 0, 0, 0, 0, 0, 0, 0, 0, 0, 0, 5.09122923846, 0, 0, 0, 0, 0, 0, 0, 0, 0, 0, 0, 0, 0, 0, 5.29207189012, 0, 0, 0, 0, 0, 0, 0, 0, 0, 0, 0, 0, 5.4716794842, 0, 0, 5.85181784287, 0, 0, 6.28644052073, 5.94036979541, 5.2182756, 0, 0, 3.439, 0, 0, 0, None, ]
[2.18827859343, 0, 0, 0, 3.78963631161, 0, 0, 0, 4.84815736084, 0, 0, 0, 0, 0, 0, 0, 0, 0, 0, 0, 0, 5.41126058291, 0, 0, 0, 0, 0, 0, 0, 0, 0, 0, 0, 0, 0, 0, 5.70997793273, 0, 0, 0, 0, 0, 0, 0, 0, 0, 0, 0, 0, 6.00963480189, 0, 0, 6.49521724625, 0, 0, 6.9517740445, 6.66810819311, 5.94031365, 0, 0, 4.0951, 7.0994, 0, 0, None, ]
[2.34837646888, 0, 0, 0, 3.99543993496, 0, 0, 0, 5.10441357044, 0, 0, 0, 0, 0, 0, 0, 0, 0, 0, 0, 0, 5.74107521811, 0, 0, 0, 0, 0, 0, 0, 0, 0, 0, 0, 0, 0, 0, 6.1398835233, 0, 0, 0, 0, 0, 0, 0, 0, 0, 0, 0, 0, 6.55812809415, 0, 0, 7.14080340833, 0, 0, 7.62334077828, 7.39526933567, 6.655751334, 0, 0, 5.395459006, 13.48886, 0, 0, None, ]
[2.51304286109, 0, 0, 0, 4.20628625437, 0, 0, 0, 5.36802232446, 0, 0, 0, 0, 0, 0, 0, 0, 0, 0, 0, 0, 6.08089464979, 0, 0, 0, 0, 0, 0, 0, 0, 0, 0, 0, 0, 0, 0, 6.5816423991, 0, 0, 0, 0, 0, 0, 0, 0, 0, 0, 0, 0, 7.11632421754, 0, 0, 7.78898091192, 0, 0, 8.30045968132, 8.12125097799, 7.42966814661, 0, 0, 7.2046642168, 19.239374, 0, 0, None, ]
[2.68232513756, 0, 0, 0, 4.42240618116, 0, 0, 0, 5.63924874804, 0, 0, 0, 0, 0, 0, 0, 0, 0, 0, 0, 0, 6.4309036083, 0, 0, 0, 0, 0, 0, 0, 0, 0, 0, 0, 0, 0, 0, 7.0350394177, 0, 0, 0, 0, 0, 0, 0, 0, 0, 0, 0, 0, 7.68351199717, 0, 0, 8.44004578426, 0, 0, 8.98245759848, 8.85201839817, 8.30709570699, 0, 0, 9.40794280138, 24.4148366, 0, 0, None, ]
[2.85628901786, 0, 0, 0, 4.64403404536, 0, 0, 0, 5.91834992503, 0, 0, 0, 0, 0, 0, 0, 0, 0, 0, 0, 0, 6.79124683885, 0, 0, 0, 0, 0, 0, 0, 0, 0, 0, 0, 0, 0, 0, 7.49980984053, 0, 0, 0, 0, 0, 0, 0, 0, 0, 0, 0, 0, 8.25908097542, 0, 0, 9.09419714111, 0, 0, 9.66932515826, 9.59744305809, 9.317086337, 0, 0, 11.9083880329, 29.07275294, 0, 0, None, ]
Policy - [3, 3, 0, 0, 0, 0, 0, 0, 3, 0, 0, 0, 0, 0, 0, 0, 0, 0, 0, 0, 0, 5, 0, 0, 0, 0, 0, 0, 0, 0, 0, 0, 0, 0, 0, 0, 3, 0, 0, 0, 0, 0, 0, 0, 0, 0, 0, 0, 0, 1, 0, 0, 5, 0, 0, 3, 4, 5, 0, 0, 5, 6, 0, 0, 6, ]
[3.03501708027, 0, 0, 0, 4.87140644983, 0, 0, 0, 6.20557170395, 0, 0, 0, 0, 0, 0, 0, 0, 0, 0, 0, 0, 7.16202814092, 0, 0, 0, 0, 0, 0, 0, 0, 0, 0, 0, 0, 0, 0, 7.97565436321, 0, 0, 0, 0, 0, 0, 0, 0, 0, 0, 0, 0, 8.84250165002, 0, 0, 9.75161324957, 0, 0, 10.3620409738, 10.3693142151, 10.4760974227, 0, 0, 14.6245337961, 33.264877646, 0, 0, None, ]
[3.21860730316, 0, 0, 0, 5.10476091952, 0, 0, 0, 6.50114572736, 0, 0, 0, 0, 0, 0, 0, 0, 0, 0, 0, 0, 7.5433110066, 0, 0, 0, 0, 0, 0, 0, 0, 0, 0, 0, 0, 0, 0, 8.46225066687, 0, 0, 0, 0, 0, 0, 0, 0, 0, 0, 0, 0, 9.43331529384, 0, 0, 10.4125524016, 0, 0, 11.0626646048, 11.1798877749, 11.7907948147, 0, 0, 17.4882355323, 37.0377898814, 0, 0, None, ]
[3.40717161718, 0, 0, 0, 5.34433438885, 0, 0, 0, 6.80528682218, 0, 0, 0, 0, 0, 0, 0, 0, 0, 0, 0, 0, 7.93512035012, 0, 0, 0, 0, 0, 0, 0, 0, 0, 0, 0, 0, 0, 0, 8.95926279642, 0, 0, 0, 0, 0, 0, 0, 0, 0, 0, 0, 0, 10.0311348791, 0, 0, 11.0774529953, 0, 0, 11.7742751229, 12.0408605709, 13.2603640041, 0, 0, 20.4428205893, 40.4334108933, 0, 0, None, ]
[3.60083445101, 0, 0, 0, 5.59036157931, 0, 0, 0, 7.11819082377, 0, 0, 0, 0, 0, 0, 0, 0, 0, 0, 0, 0, 8.33744500212, 0, 0, 0, 0, 0, 0, 0, 0, 0, 0, 0, 0, 0, 0, 9.46634969334, 0, 0, 0, 0, 0, 0, 0, 0, 0, 0, 0, 0, 10.6356559162, 0, 0, 11.7470174653, 0, 0, 12.5008132591, 12.9626783106, 14.8784052344, 0, 0, 23.4414752856, 43.4894698039, 0, 0, None, ]
[3.79973126022, 0, 0, 0, 5.84307332185, 0, 0, 0, 7.44003286715, 0, 0, 0, 0, 0, 0, 0, 0, 0, 0, 0, 0, 8.75024080775, 0, 0, 0, 0, 0, 0, 0, 0, 0, 0, 0, 0, 0, 0, 9.98317395906, 0, 0, 0, 0, 0, 0, 0, 0, 0, 0, 0, 0, 11.2466746009, 0, 0, 12.4222720365, 0, 0, 13.2468701375, 13.9541022189, 16.6344778248, 0, 0, 26.4458398427, 46.2399228235, 0, 0, None, ]
[4.00400703565, 0, 0, 0, 6.10269487605, 0, 0, 0, 7.7709661588, 0, 0, 0, 0, 0, 0, 0, 0, 0, 0, 0, 0, 9.17343429114, 0, 0, 0, 0, 0, 0, 0, 0, 0, 0, 0, 0, 0, 0, 10.5094115565, 0, 0, 0, 0, 0, 0, 0, 0, 0, 0, 0, 0, 11.8641101218, 0, 0, 13.1045993779, 0, 0, 14.0174538046, 15.0219734347, 18.5153495682, 0, 0, 29.4247857416, 48.7153305412, 0, 0, None, ]
[4.21381479274, 0, 0, 0, 6.36944429467, 0, 0, 0, 8.11112123769, 0, 0, 0, 0, 0, 0, 0, 0, 0, 0, 0, 0, 9.60692692356, 0, 0, 0, 0, 0, 0, 0, 0, 0, 0, 0, 0, 0, 0, 11.0447627719, 0, 0, 0, 0, 0, 0, 0, 0, 0, 0, 0, 0, 12.4880280014, 0, 0, 13.7957446461, 0, 0, 14.8177555479, 16.1711258946, 20.5059989377, 0, 0, 32.3533530682, 50.9431974871, 0, 0, None, ]
[4.42931404849, 0, 0, 0, 6.64353087776, 0, 0, 0, 8.46060573701, 0, 0, 0, 0, 0, 0, 0, 0, 0, 0, 0, 0, 10.0506000608, 0, 0, 0, 0, 0, 0, 0, 0, 0, 0, 0, 0, 0, 0, 11.5889644146, 0, 0, 0, 0, 0, 0, 0, 0, 0, 0, 0, 0, 13.1186617084, 0, 0, 14.4977975587, 0, 0, 15.6529308713, 17.4044081389, 22.5904108172, 0, 0, 35.2118280781, 52.9482777384, 0, 0, None, ]
[4.65066929611, 0, 0, 0, 6.92515375762, 0, 0, 0, 8.81950466339, 0, 0, 0, 0, 0, 0, 0, 0, 0, 0, 0, 0, 10.5043206065, 0, 0, 0, 0, 0, 0, 0, 0, 0, 0, 0, 0, 0, 0, 12.1418029574, 0, 0, 0, 0, 0, 0, 0, 0, 0, 0, 0, 0, 13.7564303155, 0, 0, 15.2131543606, 0, 0, 16.527904554, 18.7227825026, 24.752200425, 0, 0, 37.9849435614, 54.7528499645, 0, 0, None, ]
[4.87804849072, 0, 0, 0, 7.21450065315, 0, 0, 0, 9.18788121449, 0, 0, 0, 0, 0, 0, 0, 0, 0, 0, 0, 0, 10.9679474236, 0, 0, 0, 0, 0, 0, 0, 0, 0, 0, 0, 0, 0, 0, 12.7031281289, 0, 0, 0, 0, 0, 0, 0, 0, 0, 0, 0, 0, 14.4019505884, 0, 0, 15.9444641009, 0, 0, 17.447205121, 20.1254767729, 26.9750948892, 0, 0, 40.6611866732, 54.7528499645, 0, 0, None, ]
Policy - [3, 3, 0, 0, 0, 0, 0, 0, 3, 0, 0, 0, 0, 0, 0, 0, 0, 0, 0, 0, 0, 5, 0, 0, 0, 0, 0, 0, 0, 0, 0, 0, 0, 0, 0, 0, 3, 0, 0, 0, 0, 0, 0, 0, 0, 0, 0, 0, 0, 1, 0, 0, 5, 0, 0, 3, 4, 5, 0, 0, 5, 6, 0, 0, 6, ]
[5.11162156196, 0, 0, 0, 7.51174683048, 0, 0, 0, 9.56577815593, 0, 0, 0, 0, 0, 0, 0, 0, 0, 0, 0, 0, 11.4413384628, 0, 0, 0, 0, 0, 0, 0, 0, 0, 0, 0, 0, 0, 0, 13.2728663553, 0, 0, 0, 0, 0, 0, 0, 0, 0, 0, 0, 0, 15.056042495, 0, 0, 16.6945637309, 0, 0, 18.4148310314, 21.6101688335, 29.2432974557, 0, 0, 41.9824507205, 46.5897934713, 0, 0, None, ]
[5.35155897134, 0, 0, 0, 7.81705430524, 0, 0, 0, 9.95321977323, 0, 0, 0, 0, 0, 0, 0, 0, 0, 0, 0, 0, 11.9243585234, 0, 0, 0, 0, 0, 0, 0, 0, 0, 0, 0, 0, 0, 0, 13.8510334089, 0, 0, 0, 0, 0, 0, 0, 0, 0, 0, 0, 0, 15.719727673, 0, 0, 17.4664063126, 0, 0, 19.43414871, 23.1731892628, 31.4167929577, 0, 0, 43.4427190977, 49.0302141241, 0, 0, None, ]
[5.59803033419, 0, 0, 0, 8.13057131984, 0, 0, 0, 10.3502144047, 0, 0, 0, 0, 0, 0, 0, 0, 0, 0, 0, 0, 12.4168875016, 0, 0, 0, 0, 0, 0, 0, 0, 0, 0, 0, 0, 0, 0, 14.437745638, 0, 0, 0, 0, 0, 0, 0, 0, 0, 0, 0, 0, 16.3942208729, 0, 0, 18.2629862109, 0, 0, 20.5078210334, 24.7972354644, 33.5189511445, 0, 0, 45.0009782982, 51.2265927117, 0, 0, None, ]
[5.85120312704, 0, 0, 0, 8.45243212618, 0, 0, 0, 10.7567575455, 0, 0, 0, 0, 0, 0, 0, 0, 0, 0, 0, 0, 12.9188289378, 0, 0, 0, 0, 0, 0, 0, 0, 0, 0, 0, 0, 0, 0, 15.0332292193, 0, 0, 0, 0, 0, 0, 0, 0, 0, 0, 0, 0, 17.0809147768, 0, 0, 19.0872646149, 0, 0, 21.6365145041, 26.4690718429, 35.5667038501, 0, 0, 46.6230274736, 53.2033334406, 0, 0, None, ]
[6.11124150263, 0, 0, 0, 8.78275710053, 0, 0, 0, 11.1728354964, 0, 0, 0, 0, 0, 0, 0, 0, 0, 0, 0, 0, 13.4301186336, 0, 0, 0, 0, 0, 0, 0, 0, 0, 0, 0, 0, 0, 0, 15.6378269659, 0, 0, 0, 0, 0, 0, 0, 0, 0, 0, 0, 0, 17.781358888, 0, 0, 19.9419732387, 0, 0, 22.8195055473, 28.1784793765, 37.5718699822, 0, 0, 48.280526037, 54.9824000965, 0, 0, None, ]
[6.37830523485, 0, 0, 0, 9.12165321177, 0, 0, 0, 11.598429509, 0, 0, 0, 0, 0, 0, 0, 0, 0, 0, 0, 0, 13.9507330886, 0, 0, 0, 0, 0, 0, 0, 0, 0, 0, 0, 0, 0, 0, 16.2520023445, 0, 0, 0, 0, 0, 0, 0, 0, 0, 0, 0, 0, 18.4972209033, 0, 0, 20.8294982745, 0, 0, 24.0551211454, 29.9174427184, 39.5422527824, 0, 0, 49.9501636189, 56.5835600868, 0, 0, None, ]
[6.65254881601, 0, 0, 0, 9.46921485719, 0, 0, 0, 12.0335203596, 0, 0, 0, 0, 0, 0, 0, 0, 0, 0, 0, 0, 14.4806974942, 0, 0, 0, 0, 0, 0, 0, 0, 0, 0, 0, 0, 0, 0, 16.8763392282, 0, 0, 0, 0, 0, 0, 0, 0, 0, 0, 0, 0, 19.2302403455, 0, 0, 21.7518200104, 0, 0, 25.3410541283, 31.6795283023, 41.4825443644, 0, 0, 51.6129374301, 58.0246040782, 0, 0, None, ]
[6.93412072798, 0, 0, 0, 9.82552507223, 0, 0, 0, 12.4780932661, 0, 0, 0, 0, 0, 0, 0, 0, 0, 0, 0, 0, 15.0200929042, 0, 0, 0, 0, 0, 0, 0, 0, 0, 0, 0, 0, 0, 0, 17.5115370375, 0, 0, 0, 0, 0, 0, 0, 0, 0, 0, 0, 0, 19.9821807937, 0, 0, 22.7104900116, 0, 0, 26.6745847504, 33.459415083, 43.3950675416, 0, 0, 53.2535238489, 59.3215436703, 0, 0, None, ]
[7.22316290716, 0, 0, 0, 10.1906571107, 0, 0, 0, 12.932143029, 0, 0, 0, 0, 0, 0, 0, 0, 0, 0, 0, 0, 15.5690622021, 0, 0, 0, 0, 0, 0, 0, 0, 0, 0, 0, 0, 0, 0, 18.1584015913, 0, 0, 0, 0, 0, 0, 0, 0, 0, 0, 0, 0, 20.7547846106, 0, 0, 23.7066327396, 0, 0, 28.0527331895, 35.2525463782, 45.2803806371, 0, 0, 54.8597326156, 60.4887893033, 0, 0, None, ]
[7.51981042094, 0, 0, 0, 10.5646763811, 0, 0, 0, 13.3956792557, 0, 0, 0, 0, 0, 0, 0, 0, 0, 0, 0, 0, 16.127814557, 0, 0, 0, 0, 0, 0, 0, 0, 0, 0, 0, 0, 0, 0, 18.8178323454, 0, 0, 0, 0, 0, 0, 0, 0, 0, 0, 0, 0, 21.5497323572, 0, 0, 24.7409622573, 0, 0, 29.4723619829, 37.0548770003, 47.1377672376, 0, 0, 56.4220333965, 61.539310373, 0, 0, None, ]
Policy - [3, 3, 0, 0, 0, 0, 0, 0, 3, 0, 0, 0, 0, 0, 0, 0, 0, 0, 0, 0, 0, 5, 0, 0, 0, 0, 0, 0, 0, 0, 0, 0, 0, 0, 0, 0, 3, 0, 0, 0, 0, 0, 0, 0, 0, 0, 0, 0, 0, 1, 0, 0, 5, 0, 0, 3, 4, 5, 0, 0, 5, 6, 0, 0, 6, ]
[7.82419137019, 0, 0, 0, 10.9476427117, 0, 0, 0, 13.8687315076, 0, 0, 0, 0, 0, 0, 0, 0, 0, 0, 0, 0, 16.6966281576, 0, 0, 0, 0, 0, 0, 0, 0, 0, 0, 0, 0, 0, 0, 19.4908068493, 0, 0, 0, 0, 0, 0, 0, 0, 0, 0, 0, 0, 22.3686079376, 0, 0, 25.8138075062, 0, 0, 30.9302429359, 38.8626946464, 48.9656296332, 0, 0, 57.933145701, 62.4847793357, 0, 0, None, ]
[8.13642702792, 0, 0, 0, 11.339612904, 0, 0, 0, 14.3513542064, 0, 0, 0, 0, 0, 0, 0, 0, 0, 0, 0, 0, 17.2758511187, 0, 0, 0, 0, 0, 0, 0, 0, 0, 0, 0, 0, 0, 0, 20.178363272, 0, 0, 0, 0, 0, 0, 0, 0, 0, 0, 0, 0, 23.2128697564, 0, 0, 26.9251417468, 0, 0, 32.42309948, 40.6724984887, 50.7618019085, 0, 0, 59.3876842167, 63.3357014021, 0, 0, None, ]
[8.4566322194, 0, 0, 0, 11.7406435207, 0, 0, 0, 14.8436311391, 0, 0, 0, 0, 0, 0, 0, 0, 0, 0, 0, 0, 17.8659005504, 0, 0, 0, 0, 0, 0, 0, 0, 0, 0, 0, 0, 0, 0, 20.8815817918, 0, 0, 0, 0, 0, 0, 0, 0, 0, 0, 0, 0, 24.083827704, 0, 0, 28.0746132891, 0, 0, 33.9476326559, 42.4809212127, 52.5237962625, 0, 0, 60.7818525782, 64.1015312619, 0, 0, None, ]
[8.78491594309, 0, 0, 0, 12.1507938462, 0, 0, 0, 15.3456794212, 0, 0, 0, 0, 0, 0, 0, 0, 0, 0, 0, 0, 18.4672598587, 0, 0, 0, 0, 0, 0, 0, 0, 0, 0, 0, 0, 0, 0, 21.6015655447, 0, 0, 0, 0, 0, 0, 0, 0, 0, 0, 0, 0, 24.9826255164, 0, 0, 29.2615757495, 0, 0, 35.5005367023, 44.2846834797, 54.2489940755, 0, 0, 62.1131794313, 64.7907781357, 0, 0, None, ]
[9.12138222547, 0, 0, 0, 12.5701289469, 0, 0, 0, 15.8576527923, 0, 0, 0, 0, 0, 0, 0, 0, 0, 0, 0, 0, 19.0804744116, 0, 0, 0, 0, 0, 0, 0, 0, 0, 0, 0, 0, 0, 0, 22.3394217156, 0, 0, 0, 0, 0, 0, 0, 0, 0, 0, 0, 0, 25.9102279239, 0, 0, 30.4851168394, 0, 0, 37.0785085332, 46.0805720494, 55.9347914793, 0, 0, 63.3802913939, 65.4111003221, 0, 0, None, ]
[9.46613119633, 0, 0, 0, 12.9987227549, 0, 0, 0, 16.3797441495, 0, 0, 0, 0, 0, 0, 0, 0, 0, 0, 0, 0, 19.7061457478, 0, 0, 0, 0, 0, 0, 0, 0, 0, 0, 0, 0, 0, 0, 23.0962432342, 0, 0, 0, 0, 0, 0, 0, 0, 0, 0, 0, 0, 26.8674119643, 0, 0, 31.7440852237, 0, 0, 38.6782540791, 47.8654346444, 57.5787076678, 0, 0, 64.5827181758, 65.9693902899, 0, 0, None, ]
[9.81926036496, 0, 0, 0, 13.436661097, 0, 0, 0, 16.9121872479, 0, 0, 0, 0, 0, 0, 0, 0, 0, 0, 0, 0, 20.344924534, 0, 0, 0, 0, 0, 0, 0, 0, 0, 0, 0, 0, 0, 0, 23.8730914331, 0, 0, 0, 0, 0, 0, 0, 0, 0, 0, 0, 0, 27.8547618494, 0, 0, 33.0371153267, 0, 0, 40.2964934813, 49.6361861597, 59.1784628915, 0, 0, 65.7207256933, 66.4718512609, 0, 0, None, ]
[10.1808660716, 0, 0, 0, 13.8840445902, 0, 0, 0, 17.4552575273, 0, 0, 0, 0, 0, 0, 0, 0, 0, 0, 0, 0, 20.997502493, 0, 0, 0, 0, 0, 0, 0, 0, 0, 0, 0, 0, 0, 0, 24.6709799271, 0, 0, 0, 0, 0, 0, 0, 0, 0, 0, 0, 0, 28.872666826, 0, 0, 34.3626501772, 0, 0, 41.9299663873, 51.3898220482, 60.7320319644, 0, 0, 66.7951735315, 66.9240661348, 0, 0, None, ]
[10.551045083, 0, 0, 0, 14.3409913313, 0, 0, 0, 18.0092720488, 0, 0, 0, 0, 0, 0, 0, 0, 0, 0, 0, 0, 21.6646035266, 0, 0, 0, 0, 0, 0, 0, 0, 0, 0, 0, 0, 0, 0, 25.4908598903, 0, 0, 0, 0, 0, 0, 0, 0, 0, 0, 0, 0, 29.9213215346, 0, 0, 35.7189624986, 0, 0, 43.5754380552, 53.1234357195, 62.2376781694, 0, 0, 67.8073935512, 67.3310595214, 0, 0, None, ]
[10.9298962979, 0, 0, 0, 14.8076393103, 0, 0, 0, 18.5745885506, 0, 0, 0, 0, 0, 0, 0, 0, 0, 0, 0, 0, 22.3469742544, 0, 0, 0, 0, 0, 0, 0, 0, 0, 0, 0, 0, 0, 0, 26.3336068415, 0, 0, 0, 0, 0, 0, 0, 0, 0, 0, 0, 0, 31.0007284414, 0, 0, 37.1041742998, 0, 0, 45.2297065873, 54.8342375877, 63.6939716336, 0, 0, 68.7590868376, 67.6973535692, 0, 0, None, ]
Policy - [3, 3, 0, 0, 0, 0, 0, 0, 3, 0, 0, 0, 0, 0, 0, 0, 0, 0, 0, 0, 0, 5, 0, 0, 0, 0, 0, 0, 0, 0, 0, 0, 0, 0, 0, 0, 3, 0, 0, 0, 0, 0, 0, 0, 0, 0, 0, 0, 0, 1, 0, 0, 5, 0, 0, 3, 4, 5, 0, 0, 5, 6, 0, 0, 6, ]
[11.3175225227, 0, 0, 0, 15.2841484885, 0, 0, 0, 19.1516036512, 0, 0, 0, 0, 0, 0, 0, 0, 0, 0, 0, 0, 23.045374177, 0, 0, 0, 0, 0, 0, 0, 0, 0, 0, 0, 0, 0, 0, 27.2000089942, 0, 0, 0, 0, 0, 0, 0, 0, 0, 0, 0, 0, 32.1107019855, 0, 0, 38.5162752315, 0, 0, 46.8896113449, 56.5195740526, 65.0997955631, 0, 0, 69.6522365372, 68.0270182123, 0, 0, None, ]
[11.7140322778, 0, 0, 0, 15.7707024887, 0, 0, 0, 19.74075025, 0, 0, 0, 0, 0, 0, 0, 0, 0, 0, 0, 0, 23.7605656587, 0, 0, 0, 0, 0, 0, 0, 0, 0, 0, 0, 0, 0, 0, 28.0907571863, 0, 0, 0, 0, 0, 0, 0, 0, 0, 0, 0, 0, 33.2508741473, 0, 0, 39.9531399467, 0, 0, 48.55204242, 58.1769452057, 66.4543431382, 0, 0, 70.4890344346, 68.3237163911, 0, 0, None, ]
[12.1195415919, 0, 0, 0, 16.2675098573, 0, 0, 0, 20.3424941852, 0, 0, 0, 0, 0, 0, 0, 0, 0, 0, 0, 0, 24.4933039038, 0, 0, 0, 0, 0, 0, 0, 0, 0, 0, 0, 0, 0, 0, 29.0064363737, 0, 0, 0, 0, 0, 0, 0, 0, 0, 0, 0, 0, 34.4207011959, 0, 0, 41.4125446736, 0, 0, 50.2139509291, 59.8040204555, 67.7571073775, 0, 0, 71.271819393, 68.590744752, 0, 0, None, ]
[12.5341757433, 0, 0, 0, 16.7748048652, 0, 0, 0, 20.9573302241, 0, 0, 0, 0, 0, 0, 0, 0, 0, 0, 0, 0, 25.2443270865, 0, 0, 0, 0, 0, 0, 0, 0, 0, 0, 0, 0, 0, 0, 29.9475186489, 0, 0, 0, 0, 0, 0, 0, 0, 0, 0, 0, 0, 35.6194714182, 0, 0, 42.8921831597, 0, 0, 51.8723598415, 61.3986515766, 69.0078658608, 0, 0, 72.0030260215, 68.8310702768, 0, 0, None, ]
[12.9580709075, 0, 0, 0, 17.2928478278, 0, 0, 0, 21.585777467, 0, 0, 0, 0, 0, 0, 0, 0, 0, 0, 0, 0, 26.0143467675, 0, 0, 0, 0, 0, 0, 0, 0, 0, 0, 0, 0, 0, 0, 30.9143577311, 0, 0, 0, 0, 0, 0, 0, 0, 0, 0, 0, 0, 36.8463136705, 0, 0, 44.3896821043, 0, 0, 53.5243750285, 62.9588829264, 70.2066618466, 0, 0, 72.6851421363, 69.0473632491, 0, 0, None, ]
[13.391375671, 0, 0, 0, 17.8219249339, 0, 0, 0, 22.2283742536, 0, 0, 0, 0, 0, 0, 0, 0, 0, 0, 0, 0, 26.8040387203, 0, 0, 0, 0, 0, 0, 0, 0, 0, 0, 0, 0, 0, 0, 31.9071848619, 0, 0, 0, 0, 0, 0, 0, 0, 0, 0, 0, 0, 38.1002066171, 0, 0, 45.9026161529, 0, 0, 55.1671962295, 64.4829587518, 71.3537830242, 0, 0, 73.320673774, 69.2420269242, 0, 0, None, ]
[13.8342523781, 0, 0, 0, 18.3623475822, 0, 0, 0, 22.8856726599, 0, 0, 0, 0, 0, 0, 0, 0, 0, 0, 0, 0, 27.6140342626, 0, 0, 0, 0, 0, 0, 0, 0, 0, 0, 0, 0, 0, 0, 32.9261060354, 0, 0, 0, 0, 0, 0, 0, 0, 0, 0, 0, 0, 39.3799885445, 0, 0, 47.4285224886, 0, 0, 56.7981276521, 65.9693276412, 72.4497388924, 0, 0, 73.9121166687, 69.4172242318, 0, 0, None, ]
[14.286878275, 0, 0, 0, 18.9144512332, 0, 0, 0, 23.5582326798, 0, 0, 0, 0, 0, 0, 0, 0, 0, 0, 0, 0, 28.4449121788, 0, 0, 0, 0, 0, 0, 0, 0, 0, 0, 0, 0, 0, 0, 33.9711004864, 0, 0, 0, 0, 0, 0, 0, 0, 0, 0, 0, 0, 40.6843676537, 0, 0, 48.9649150237, 0, 0, 58.4145879578, 67.416644269, 73.4952375489, 0, 0, 74.4619332528, 69.5749018086, 0, 0, None, ]
[14.7494464263, 0, 0, 0, 19.4785937955, 0, 0, 0, 24.2466161806, 0, 0, 0, 0, 0, 0, 0, 0, 0, 0, 0, 0, 29.2971912986, 0, 0, 0, 0, 0, 0, 0, 0, 0, 0, 0, 0, 0, 0, 35.0420203594, 0, 0, 0, 0, 0, 0, 0, 0, 0, 0, 0, 0, 42.0119327415, 0, 0, 50.5092981712, 0, 0, 60.0141194224, 68.8237686446, 74.4911624999, 0, 0, 74.9725343593, 69.7168116277, 0, 0, None, ]
[15.2221663773, 0, 0, 0, 20.0551535679, 0, 0, 0, 24.9513807205, 0, 0, 0, 0, 0, 0, 0, 0, 0, 0, 0, 0, 30.1713237845, 0, 0, 0, 0, 0, 0, 0, 0, 0, 0, 0, 0, 0, 0, 36.1385914783, 0, 0, 0, 0, 0, 0, 0, 0, 0, 0, 0, 0, 43.3611641915, 0, 0, 52.0591801552, 0, 0, 61.594396107, 70.1897631185, 75.4385499605, 0, 0, 75.4462649181, 69.844530465, 0, 0, None, ]
Policy - [3, 3, 0, 0, 0, 0, 0, 0, 3, 0, 0, 0, 0, 0, 0, 0, 0, 0, 0, 0, 0, 5, 0, 0, 0, 0, 0, 0, 0, 0, 0, 0, 0, 0, 0, 0, 3, 0, 0, 0, 0, 0, 0, 0, 0, 0, 0, 0, 0, 1, 0, 0, 5, 0, 0, 3, 4, 5, 0, 0, 5, 6, 0, 0, 6, ]
[15.7052645448, 0, 0, 0, 20.6445267693, 0, 0, 0, 25.6730733136, 0, 0, 0, 0, 0, 0, 0, 0, 0, 0, 0, 0, 31.0676891679, 0, 0, 0, 0, 0, 0, 0, 0, 0, 0, 0, 0, 0, 0, 37.260415138, 0, 0, 0, 0, 0, 0, 0, 0, 0, 0, 0, 0, 44.7304451961, 0, 0, 53.6120858064, 0, 0, 63.1532309105, 71.5138874172, 76.3385669936, 0, 0, 75.8853930274, 69.9594774185, 0, 0, None, ]
[16.198984322, 0, 0, 0, 21.247124693, 0, 0, 0, 26.4122242222, 0, 0, 0, 0, 0, 0, 0, 0, 0, 0, 0, 0, 31.9865891608, 0, 0, 0, 0, 0, 0, 0, 0, 0, 0, 0, 0, 0, 0, 38.4069708394, 0, 0, 0, 0, 0, 0, 0, 0, 0, 0, 0, 0, 46.1180731362, 0, 0, 55.1655687845, 0, 0, 64.6885814223, 72.7955919892, 77.1924907431, 0, 0, 76.2921018718, 70.0629296766, 0, 0, None, ]
[16.7035858879, 0, 0, 0, 21.8633705237, 0, 0, 0, 27.1693408502, 0, 0, 0, 0, 0, 0, 0, 0, 0, 0, 0, 0, 32.9282432589, 0, 0, 0, 0, 0, 0, 0, 0, 0, 0, 0, 0, 0, 0, 39.5776198883, 0, 0, 0, 0, 0, 0, 0, 0, 0, 0, 0, 0, 47.5222710454, 0, 0, 56.7172231624, 0, 0, 66.198554523, 74.0345099397, 78.0016889349, 0, 0, 76.668484023, 70.156036709, 0, 0, None, ]
[17.2193457177, 0, 0, 0, 22.4936958629, 0, 0, 0, 27.9449018086, 0, 0, 0, 0, 0, 0, 0, 0, 0, 0, 0, 0, 33.8927851457, 0, 0, 0, 0, 0, 0, 0, 0, 0, 0, 0, 0, 0, 0, 40.7716097813, 0, 0, 0, 0, 0, 0, 0, 0, 0, 0, 0, 0, 48.9411990849, 0, 0, 58.264694313, 0, 0, 67.6814097196, 75.2304478223, 78.7676017589, 0, 0, 77.0165377312, 70.2398330381, 0, 0, None, ]
[17.7465557953, 0, 0, 0, 23.1385370085, 0, 0, 0, 28.7393512145, 0, 0, 0, 0, 0, 0, 0, 0, 0, 0, 0, 0, 34.8802598931, 0, 0, 0, 0, 0, 0, 0, 0, 0, 0, 0, 0, 0, 0, 41.9880792997, 0, 0, 0, 0, 0, 0, 0, 0, 0, 0, 0, 0, 50.3729659607, 0, 0, 59.8056890395, 0, 0, 69.1355612254, 76.3833755399, 79.4917251908, 0, 0, 77.3381648635, 70.3152497343, 0, 0, None, ]
[18.2855225313, 0, 0, 0, 23.7983310356, 0, 0, 0, 29.5530932797, 0, 0, 0, 0, 0, 0, 0, 0, 0, 0, 0, 0, 35.890621953, 0, 0, 0, 0, 0, 0, 0, 0, 0, 0, 0, 0, 0, 0, 43.2260642361, 0, 0, 0, 0, 0, 0, 0, 0, 0, 0, 0, 0, 51.8156402117, 0, 0, 61.3379849025, 0, 0, 70.5595788231, 77.4934155878, 80.1755957764, 0, 0, 77.6351701981, 70.3831247608, 0, 0, None, ]
[18.8365653984, 0, 0, 0, 24.4735117291, 0, 0, 0, 30.3864872408, 0, 0, 0, 0, 0, 0, 0, 0, 0, 0, 0, 0, 36.9237339207, 0, 0, 0, 0, 0, 0, 0, 0, 0, 0, 0, 0, 0, 0, 44.4845036773, 0, 0, 0, 0, 0, 0, 0, 0, 0, 0, 0, 0, 53.2672613009, 0, 0, 62.8594386988, 0, 0, 71.9521875654, 78.5608318507, 80.8207768669, 0, 0, 77.9092618231, 70.4442122847, 0, 0, None, ]
[19.4000152963, 0, 0, 0, 25.1645054154, 0, 0, 0, 31.2398426715, 0, 0, 0, 0, 0, 0, 0, 0, 0, 0, 0, 0, 37.9793660513, 0, 0, 0, 0, 0, 0, 0, 0, 0, 0, 0, 0, 0, 0, 45.762246767, 0, 0, 0, 0, 0, 0, 0, 0, 0, 0, 0, 0, 54.7258504463, 0, 0, 64.3679940636, 0, 0, 73.3122663856, 79.5860181445, 81.4288462699, 0, 0, 78.1620524272, 70.4991910563, 0, 0, None, ]
[19.9762126632, 0, 0, 0, 25.8717267425, 0, 0, 0, 32.1134152158, 0, 0, 0, 0, 0, 0, 0, 0, 0, 0, 0, 0, 39.0571965004, 0, 0, 0, 0, 0, 0, 0, 0, 0, 0, 0, 0, 0, 0, 47.0580598765, 0, 0, 0, 0, 0, 0, 0, 0, 0, 0, 0, 0, 56.1894211281, 0, 0, 65.8616881731, 0, 0, 74.6388457013, 80.5694866686, 82.0013852651, 0, 0, 78.3950612982, 70.5486719506, 0, 0, None, ]
[20.5655053538, 0, 0, 0, 26.5955744557, 0, 0, 0, 33.0074027723, 0, 0, 0, 0, 0, 0, 0, 0, 0, 0, 0, 0, 40.1568122574, 0, 0, 0, 0, 0, 0, 0, 0, 0, 0, 0, 0, 0, 0, 48.3706341074, 0, 0, 0, 0, 0, 0, 0, 0, 0, 0, 0, 0, 57.6559892157, 0, 0, 67.3386575375, 0, 0, 75.9311041032, 81.5118565144, 82.5399689178, 0, 0, 78.6097168767, 70.5932047556, 0, 0, None, ]
Policy - [3, 3, 0, 0, 0, 0, 0, 0, 3, 0, 0, 0, 0, 0, 0, 0, 0, 0, 0, 0, 0, 5, 0, 0, 0, 0, 0, 0, 0, 0, 0, 0, 0, 0, 0, 0, 3, 0, 0, 0, 0, 0, 0, 0, 0, 0, 0, 0, 0, 1, 0, 0, 5, 0, 0, 3, 4, 5, 0, 0, 5, 6, 0, 0, 6, ]
[21.1682463083, 0, 0, 0, 27.3364272134, 0, 0, 0, 33.9219421527, 0, 0, 0, 0, 0, 0, 0, 0, 0, 0, 0, 0, 41.2777107361, 0, 0, 0, 0, 0, 0, 0, 0, 0, 0, 0, 0, 0, 0, 49.6985930584, 0, 0, 0, 0, 0, 0, 0, 0, 0, 0, 0, 0, 59.1235826613, 0, 0, 68.797142883, 0, 0, 77.1883642257, 82.413842355, 83.0461576165, 0, 0, 78.8073597325, 70.63328428, 0, 0, None, ]
[21.7847910345, 0, 0, 0, 28.0946394879, 0, 0, 0, 34.8571062339, 0, 0, 0, 0, 0, 0, 0, 0, 0, 0, 0, 0, 42.4193019824, 0, 0, 0, 0, 0, 0, 0, 0, 0, 0, 0, 0, 0, 0, 51.0405007828, 0, 0, 0, 0, 0, 0, 0, 0, 0, 0, 0, 0, 60.5902507121, 0, 0, 70.2354931336, 0, 0, 78.4100879002, 83.2762434196, 83.5214897545, 0, 0, 78.9892458545, 70.669355852, 0, 0, None, ]
[22.4154949335, 0, 0, 0, 28.8705375914, 0, 0, 0, 35.8129016157, 0, 0, 0, 0, 0, 0, 0, 0, 0, 0, 0, 0, 43.5809114574, 0, 0, 0, 0, 0, 0, 0, 0, 0, 0, 0, 0, 0, 0, 52.3948698732, 0, 0, 0, 0, 0, 0, 0, 0, 0, 0, 0, 0, 62.0540725993, 0, 0, 71.6521685094, 0, 0, 79.5958706897, 84.0999328382, 83.967475472, 0, 0, 79.1565501606, 70.7018202668, 0, 0, None, ]
[23.0607104939, 0, 0, 0, 29.6644158648, 0, 0, 0, 36.7892667908, 0, 0, 0, 0, 0, 0, 0, 0, 0, 0, 0, 0, 44.7617833503, 0, 0, 0, 0, 0, 0, 0, 0, 0, 0, 0, 0, 0, 0, 53.7601696051, 0, 0, 0, 0, 0, 0, 0, 0, 0, 0, 0, 0, 63.5131656686, 0, 0, 73.0457427687, 0, 0, 80.7454359053, 84.8858474268, 84.3855913754, 0, 0, 79.3103701531, 70.7310382401, 0, 0, None, ]
[23.7207843868, 0, 0, 0, 30.4765330648, 0, 0, 0, 37.7860708289, 0, 0, 0, 0, 0, 0, 0, 0, 0, 0, 0, 0, 45.9610843741, 0, 0, 0, 0, 0, 0, 0, 0, 0, 0, 0, 0, 0, 0, 55.1348340798, 0, 0, 0, 0, 0, 0, 0, 0, 0, 0, 0, 0, 64.9656929212, 0, 0, 74.414904628, 0, 0, 81.8586281989, 85.6349779658, 84.7772761495, 0, 0, 79.4517296514, 70.7573344161, 0, 0, None, ]
[24.3960544893, 0, 0, 0, 31.3071089805, 0, 0, 0, 38.8031125726, 0, 0, 0, 0, 0, 0, 0, 0, 0, 0, 0, 0, 47.1779079963, 0, 0, 0, 0, 0, 0, 0, 0, 0, 0, 0, 0, 0, 0, 56.517270307, 0, 0, 0, 0, 0, 0, 0, 0, 0, 0, 0, 0, 66.4098699428, 0, 0, 75.7584583988, 0, 0, 82.9354068258, 86.3483600114, 85.1439269824, 0, 0, 79.5815825545, 70.7810009745, 0, 0, None, ]
[25.0868468673, 0, 0, 0, 32.1563213085, 0, 0, 0, 39.8401203359, 0, 0, 0, 0, 0, 0, 0, 0, 0, 0, 0, 0, 48.4112790547, 0, 0, 0, 0, 0, 0, 0, 0, 0, 0, 0, 0, 0, 0, 57.9058661719, 0, 0, 0, 0, 0, 0, 0, 0, 0, 0, 0, 0, 67.8439712039, 0, 0, 77.0753238875, 0, 0, 83.9758386608, 87.0270652692, 85.4868967238, 0, 0, 79.7008165865, 70.8023008771, 0, 0, None, ]
[25.7934727482, 0, 0, 0, 33.0243028101, 0, 0, 0, 40.896752095, 0, 0, 0, 0, 0, 0, 0, 0, 0, 0, 0, 0, 49.6601587077, 0, 0, 0, 0, 0, 0, 0, 0, 0, 0, 0, 0, 0, 0, 59.2989982354, 0, 0, 0, 0, 0, 0, 0, 0, 0, 0, 0, 0, 69.266335719, 0, 0, 78.3645356064, 0, 0, 84.980091051, 87.6721935457, 85.8074917019, 0, 0, 79.8102569926, 70.8214707894, 0, 0, None, ]
[26.5162255114, 0, 0, 0, 33.911138771, 0, 0, 0, 41.9725961547, 0, 0, 0, 0, 0, 0, 0, 0, 0, 0, 0, 0, 50.9234496705, 0, 0, 0, 0, 0, 0, 0, 0, 0, 0, 0, 0, 0, 0, 60.6950393204, 0, 0, 0, 0, 0, 0, 0, 0, 0, 0, 0, 0, 70.6753720624, 0, 0, 79.62524135, 0, 0, 85.9484245785, 88.2848652864, 86.1069701284, 0, 0, 79.9106701575, 70.8387237104, 0, 0, None, ]
[27.255377726, 0, 0, 0, 34.8168647834, 0, 0, 0, 43.0671722717, 0, 0, 0, 0, 0, 0, 0, 0, 0, 0, 0, 0, 52.2000016851, 0, 0, 0, 0, 0, 0, 0, 0, 0, 0, 0, 0, 0, 0, 62.0923658409, 0, 0, 0, 0, 0, 0, 0, 0, 0, 0, 0, 0, 72.0695627387, 0, 0, 80.8567001886, 0, 0, 86.8811858007, 88.8662147009, 86.3865410246, 0, 0, 80.0027671256, 70.8542513394, 0, 0, None, ]
Policy - [3, 3, 0, 0, 0, 0, 0, 0, 3, 0, 0, 0, 0, 0, 0, 0, 0, 0, 0, 0, 0, 5, 0, 0, 0, 0, 0, 0, 0, 0, 0, 0, 0, 0, 0, 0, 3, 0, 0, 0, 0, 0, 0, 0, 0, 0, 0, 0, 0, 1, 0, 0, 5, 0, 0, 3, 4, 5, 0, 0, 5, 6, 0, 0, 6, ]
[28.0111782631, 0, 0, 0, 35.7414648605, 0, 0, 0, 44.1799332131, 0, 0, 0, 0, 0, 0, 0, 0, 0, 0, 0, 0, 53.488617177, 0, 0, 0, 0, 0, 0, 0, 0, 0, 0, 0, 0, 0, 0, 63.489364835, 0, 0, 0, 0, 0, 0, 0, 0, 0, 0, 0, 0, 73.4474679167, 0, 0, 82.0582799379, 0, 0, 87.7788000285, 89.4173834678, 86.647363607, 0, 0, 80.0872070044, 70.8682262054, 0, 0, None, ]
[28.7838495082, 0, 0, 0, 36.6848698965, 0, 0, 0, 45.3102667233, 0, 0, 0, 0, 0, 0, 0, 0, 0, 0, 0, 0, 54.7880570492, 0, 0, 0, 0, 0, 0, 0, 0, 0, 0, 0, 0, 0, 0, 64.8844406685, 0, 0, 0, 0, 0, 0, 0, 0, 0, 0, 0, 0, 74.807728536, 0, 0, 83.229454159, 0, 0, 88.6417641986, 89.9395150081, 86.8905470747, 0, 0, 80.1646002423, 70.8808035849, 0, 0, None, ]
[29.5735846983, 0, 0, 0, 37.6469564765, 0, 0, 0, 46.4574978753, 0, 0, 0, 0, 0, 0, 0, 0, 0, 0, 0, 0, 56.0970465667, 0, 0, 0, 0, 0, 0, 0, 0, 0, 0, 0, 0, 0, 0, 66.276021378, 0, 0, 0, 0, 0, 0, 0, 0, 0, 0, 0, 0, 76.1490688038, 0, 0, 84.3697987453, 0, 0, 89.4706398844, 90.4337493093, 87.1171507454, 0, 0, 80.2355117685, 70.8921232264, 0, 0, None, ]
[30.3805454065, 0, 0, 0, 38.6275460414, 0, 0, 0, 47.620891774, 0, 0, 0, 0, 0, 0, 0, 0, 0, 0, 0, 0, 57.4142812876, 0, 0, 0, 0, 0, 0, 0, 0, 0, 0, 0, 0, 0, 0, 67.6625646299, 0, 0, 0, 0, 0, 0, 0, 0, 0, 0, 0, 0, 77.4702980999, 0, 0, 85.4789881528, 0, 0, 90.2660464894, 90.9012182814, 87.3281844926, 0, 0, 80.3004639931, 70.9023109038, 0, 0, None, ]
[31.2048591946, 0, 0, 0, 39.6264044057, 0, 0, 0, 48.7996565825, 0, 0, 0, 0, 0, 0, 0, 0, 0, 0, 0, 0, 58.7384329962, 0, 0, 0, 0, 0, 0, 0, 0, 0, 0, 0, 0, 0, 0, 69.0425632739, 0, 0, 0, 0, 0, 0, 0, 0, 0, 0, 0, 0, 78.7703123153, 0, 0, 86.556791326, 0, 0, 91.0286546564, 91.3430416207, 87.524609438, 0, 0, 80.359939661, 70.9114798134, 0, 0, None, ]
[32.0466174516, 0, 0, 0, 40.6432416268, 0, 0, 0, 49.9929468396, 0, 0, 0, 0, 0, 0, 0, 0, 0, 0, 0, 0, 60.0681555983, 0, 0, 0, 0, 0, 0, 0, 0, 0, 0, 0, 0, 0, 0, 70.4145504749, 0, 0, 0, 0, 0, 0, 0, 0, 0, 0, 0, 0, 80.0480946485, 0, 0, 87.6030673725, 0, 0, 91.7591799225, 91.7603231563, 87.7073388609, 0, 0, 80.4143845615, 70.919731832, 0, 0, None, ]
[32.9058734367, 0, 0, 0, 41.6777122186, 0, 0, 0, 51.1998670339, 0, 0, 0, 0, 0, 0, 0, 0, 0, 0, 0, 0, 61.4020909405, 0, 0, 0, 0, 0, 0, 0, 0, 0, 0, 0, 0, 0, 0, 71.7771044113, 0, 0, 0, 0, 0, 0, 0, 0, 0, 0, 0, 0, 81.3027158902, 0, 0, 88.6177610357, 0, 0, 92.4583766426, 92.1541476534, 87.8772392871, 0, 0, 80.4642100912, 70.9271586488, 0, 0, None, ]
[33.7826405378, 0, 0, 0, 42.7294157015, 0, 0, 0, 52.4194754036, 0, 0, 0, 0, 0, 0, 0, 0, 0, 0, 0, 0, 62.7388745165, 0, 0, 0, 0, 0, 0, 0, 0, 0, 0, 0, 0, 0, 0, 73.1288525321, 0, 0, 0, 0, 0, 0, 0, 0, 0, 0, 0, 0, 82.5333342272, 0, 0, 89.6008980126, 0, 0, 93.1270322022, 92.5255780444, 88.0351317254, 0, 0, 80.5097956754, 70.933842784, 0, 0, None, ]
[34.67689076, 0, 0, 0, 43.797897477, 0, 0, 0, 53.6507879262, 0, 0, 0, 0, 0, 0, 0, 0, 0, 0, 0, 0, 64.0771410296, 0, 0, 0, 0, 0, 0, 0, 0, 0, 0, 0, 0, 0, 0, 74.4684753682, 0, 0, 0, 0, 0, 0, 0, 0, 0, 0, 0, 0, 83.7391945967, 0, 0, 90.5525801613, 0, 0, 93.7659615306, 92.8756530612, 88.1817930225, 0, 0, 80.5514910478, 70.9398585056, 0, 0, None, ]
[35.5885534527, 0, 0, 0, 44.882650014, 0, 0, 0, 54.8927824651, 0, 0, 0, 0, 0, 0, 0, 0, 0, 0, 0, 0, 65.4155297787, 0, 0, 0, 0, 0, 0, 0, 0, 0, 0, 0, 0, 0, 0, 75.7947098991, 0, 0, 0, 0, 0, 0, 0, 0, 0, 0, 0, 0, 84.9196276274, 0, 0, 91.4729806386, 0, 0, 94.3760019272, 93.2053852394, 88.3179573101, 0, 0, 80.589618395, 70.945272655, 0, 0, None, ]
Policy - [3, 3, 0, 0, 0, 0, 0, 0, 3, 0, 0, 0, 0, 0, 0, 0, 0, 0, 0, 0, 0, 5, 0, 0, 0, 0, 0, 0, 0, 0, 0, 0, 0, 0, 0, 0, 3, 0, 0, 0, 0, 0, 0, 0, 0, 0, 0, 0, 0, 1, 0, 0, 5, 0, 0, 3, 4, 5, 0, 0, 5, 6, 0, 0, 6, ]
