[0, 0, 0, 0, 0, 0, 0, 0, 0, 0, 0, 0, 0, 0, 0, 0, 0, 0, 0, 0, 0, 0, 0, 0, 0, 0, 0, 0, 0, 0, 0, 0, 0, 0, 0, 0, 0, 0, 0, 0, 0, 0, 0, 0, 0, 0, 0, 0, 0, 0, 0, 0, 0, 0, 0, 0, 0, 0, 0, 0, 0, 0, 0, 0, 0, ]
[0.0, 0, 0, 0, 0, 0, 0, 0, 0, 0, 0, 0, 0, 0, 0, 0, 0, 0, 0, 0, 0, 0, 0, 0, 0, 0, 0, 0, 0, 0, 0, 0, 0, 0, 0, 0, 0, 0, 0, 0, 0, 0, 0, 0, 0, 0, 0, 0, 0, 0, 0, 0, 0, 0, 0, 0, 0, 0, 0, 0, 0, 0, 0, 0, None, ]
[0.0, 0, 0, 0.1, 0, 0, 0, 0, 0, 0, 0, 0, 0, 0, 0, 0, 0, 0, 0, 0, 0, 0, 0, 0, 0, 0, 0, 0, 0, 0, 0, 0, 0, 0, 0, 0, 0, 0, 0, 0, 0, 0, 0, 0, 0, 0, 0, 0, 0, 0, 0, 0, 0, 0, 0, 0, 0, 0, 0, 0, 0, 0, 0, 0, None, ]
[0.009999, 0, 0, 0.19, 0, 0, 0, 0.2, 0, 0, 0, 0, 0, 0, 0, 0, 0, 0, 0, 0, 0, 0, 0, 0, 0, 0, 0, 0, 0, 0, 0, 0, 0, 0, 0, 0, 0, 0, 0, 0, 0, 0, 0, 0, 0, 0, 0, 0, 0, 0, 0, 0, 0, 0, 0, 0, 0, 0, 0, 0, 0, 0, 0, 0, None, ]
[0.0279972, 0, 0, 0.290998, 0, 0, 0, 0.38, 0, 0, 0, 0, 0, 0, 0, 0, 0, 0, 0.3, 0, 0, 0, 0, 0, 0, 0, 0, 0, 0, 0, 0, 0, 0, 0, 0, 0, 0, 0, 0, 0, 0, 0, 0, 0, 0, 0, 0, 0, 0, 0, 0, 0, 0, 0, 0, 0, 0, 0, 0, 0, 0, 0, 0, 0, None, ]
[0.05429437002, 0, 0, 0.3998944, 0, 0, 0, 0.571997, 0, 0, 0, 0, 0, 0, 0, 0, 0, 0, 0.57, 0, 0, 0, 0, 0, 0, 0, 0, 0, 0, 0, 0, 0, 0, 0, 0, 0, 0, 0, 0, 0, 0, 0, 0, 0, 0, 0, 0, 0, 0, 0, 0, 0, 0, 0, 0, 0, 0, 0, 0, 0, 0, 0, 0, 0, None, ]
[0.088850374074, 0, 0, 0.51709894003, 0, 0, 0, 0.7717916, 0, 0, 0, 0, 0, 0, 0, 0, 0, 0, 0.813, 0, 0, 0, 0, 0, 0.4, 0, 0, 0, 0, 0, 0, 0, 0, 0, 0, 0, 0, 0, 0, 0, 0, 0, 0, 0, 0, 0, 0, 0, 0, 0, 0, 0, 0, 0, 0, 0, 0, 0, 0, 0, 0, 0, 0, 0, None, ]
[0.13167005968, 0, 0, 0.642560488111, 0, 0, 0, 0.97590431, 0, 0, 0, 0, 0, 0, 0, 0, 0, 0, 1.071696, 0, 0, 0, 0, 0, 0.76, 0, 0, 0, 0, 0, 0, 0, 0, 0, 0, 0, 0, 0, 0, 0, 0, 0, 0, 0, 0, 0, 0, 0, 0, 0, 0, 0, 0, 0, 0, 0, 0, 0, 0, 0, 0, 0, 0, 0, None, ]
[0.182752676918, 0, 0, 0.775885111257, 0, 0, 0, 1.18547276204, 0, 0, 0, 0, 0, 0, 0, 0, 0, 0, 1.3405188, 0, 0, 0, 0, 0, 1.084, 0, 0, 0, 0, 0, 0, 0, 0, 0, 0, 0, 0, 0, 0, 0, 0, 0, 0, 0, 0, 0, 0, 0, 0, 0, 0, 0, 0, 0, 0, 0, 0, 0, 0, 0, 0, 0, 0, 0, None, ]
[0.242058161501, 0, 0, 0.916832021607, 0, 0, 0, 1.40096396065, 0, 0, 0, 0, 0, 0, 0, 0, 0, 0, 1.61485608, 0, 0, 0, 0, 0, 1.3756, 0, 0, 0, 0, 0, 0, 0, 0, 0, 0, 0, 0, 0, 0, 0, 0, 0, 0, 0, 0, 0, 0, 0, 0, 0, 0, 0, 0, 0, 0, 0, 0, 0, 0, 0, 0, 0, 0, 0, None, ]
[0.309526379192, 0, 0, 1.06523120587, 0, 0, 0, 1.62233702402, 0, 0, 0, 0, 0, 0, 0, 0, 0, 0, 1.890916716, 0, 0, 0, 0, 0, 1.63804, 0, 0, 0, 0, 0, 0, 0, 0, 0, 0, 0, 0, 0, 0, 0, 0, 0, 0, 0, 0, 0, 0, 0, 0, 0, 0, 0, 0, 0, 0, 0, 0, 0, 0, 0, 0, 0, 0, 0, None, ]
Policy - [2, 1, 0, 0, 0, 0, 0, 1, 0, 0, 0, 0, 0, 0, 0, 0, 0, 0, 2, 0, 0, 0, 0, 0, 3, 0, 0, 0, 0, 0, 0, 0, 0, 0, 0, 0, 0, 0, 0, 0, 0, 0, 0, 0, 1, 0, 0, 0, 0, 0, 0, 0, 0, 0, 0, 0, 0, 0, 0, 0, 0, 0, 0, 0, 6, ]
[0.385086209548, 0, 0, 1.22092556432, 0, 0, 0, 1.84917608405, 0, 0, 0, 0, 0, 0, 0, 0, 0, 0, 2.165612664, 0, 0, 0, 0, 0, 1.874236, 0, 0, 0, 0, 0, 0, 0, 0, 0, 0, 0, 0, 0, 0, 0, 0, 0, 0, 0, 0, 0, 0, 0, 0, 0, 0, 0, 0, 0, 0, 0, 0, 0, 0, 0, 0, 0, 0, 0, None, ]
[0.468657935769, 0, 0, 1.38373212453, 0, 0, 0, 2.08079808592, 0, 0, 0, 0, 0, 0, 0, 0, 0, 0, 2.43645625524, 0, 0, 0, 0, 0, 2.0868124, 0, 0, 0, 0, 0, 0, 0, 0, 0, 0, 0, 0, 0, 0, 0, 0, 0, 0, 0, -5.99935, 0, 0, 0, 0, 0, 0, 0, 0, 0, 0, 0, 0, 0, 0, 0, 0, 0, 0, 0, None, ]
[0.560151517324, 0, 0, 1.55341791269, 0, 0, 0, 2.31633953829, 0, 0, 0, 0, 0, 0, 0, 0, 0, 0, 2.70147100159, 0, 0, 0, 0, 0, 1.6782561535, 0, 0, 0, 0, 0, 0, 0, 0, 0, 0, 0, 0, 0, 0, 0, 0, 0, 0, 0, -5.99935, 0, 0, 0, 0, 0, 0, 0, 0, 0, 0, 0, 0, 0, 0, 0, 0, 0, 0, 0, None, ]
[0.659462622681, 0, 0, 1.72968691185, 0, 0, 0, 2.55482566991, 0, 0, 0, 0, 0, 0, 0, 0, 0, 0, 2.89913273422, 0, 0, 0, 0, 0, 1.31055553165, 0, 0, 0, 0, 0, 0, 0, 0, 0, 0, 0, 0, 0, 0, 0, 0, 0, 0, 0, -5.99935, 0, 0, 0, 0, 0, 0, 0, 0, 0, 0, 0, 0, 0, 0, 0, 0, 0, 0, 0, None, ]
[0.766467754729, 0, 0, 1.9121752394, 0, 0, 0, 2.78922738501, 0, 0, 0, 0, 0, 0, 0, 0, 0, 0, 3.04026190841, 0, 0, 0, 0, 0, 0.979624971985, 0, 0, 0, 0, 0, 0, 0, 0, 0, 0, 0, 0, 0, 0, 0, 0, 0, 0, 0, -5.99935, 0, 0, 0, 0, 0, 0, 0, 0, 0, 0, 0, 0, 0, 0, 0, 0, 0, 0, 0, None, ]
[0.881019381444, 0, 0, 2.09985256169, 0, 0, 0, 3.01430043473, 0, 0, 0, 0, 0, 0, 0, 0, 0, 0, 3.13418841852, 0, 0, 0, 0, 0, 0.681787468287, 0, 0, 0, 0, 0, 0, 0, 0, 0, 0, 0, 0, 0, 0, 0, 0, 0, 0, 0, -5.99935, 0, 0, 0, 0, 0, 0, 0, 0, 0, 0, 0, 0, 0, 0, 0, 0, 0, 0, 0, None, ]
[1.00288170094, 0, 0, 2.29126720599, 0, 0, 0, 3.22625789123, 0, 0, 0, 0, 0, 0, 0, 0, 0, 0, 3.18894150562, 0, 0, 0, 0, 0, 0.413733714958, 0, 0, 0, 0, 0, 0, 0, 0, 0, 0, 0, 0, 0, 0, 0, 0, 0, 0, 0, -5.99935, 0, 0, 0, 0, 0, 0, 0, 0, 0, 0, 0, 0, 0, 0, 0, 0, 0, 0, 0, None, ]
[1.13169733878, 0, 0, 2.48473401193, 0, 0, 0, 3.42249436325, 0, 0, 0, 0, 0, 0, 0, 0, 0, 0, 3.21141658922, 0, 0, 0, 0, 0, 0.172485336962, 0, 0, 0, 0, 0, 0, 0, 0, 0, 0, 0, 0, 0, 0, 0, 0, 0, 0, 0, -5.99935, 0, 0, 0, 0, 0, 0, 0, 0, 0, 0, 0, 0, 0, 0, 0, 0, 0, 0, 0, None, ]
[1.26697615875, 0, 0, 2.67847582212, 0, 0, 0, 3.60135447168, 0, 0, 0, 0, 0, 0, 0, 0, 0, 0, 3.20752173914, 0, 0, 0, 0, 0, 0, 0, 0, 0, 0, 0, 0, 0, 0, 0, 0, 0, 0, 0, 0, 0, 0, 0, 0, 0, -11.398765, 0, 0, 0, 0, 0, 0, 0, 0, 0, 0, 0, 0, 0, 0, 0, 0, 0, 0, 0, None, ]
[1.40809934033, 0, 0, 2.87072767353, 0, 0, 0, 3.76193912321, 0, 0, 0, 0, 0, 0, 0, 0, 0, 0, 3.18676956522, 0, 0, 0, 0, 0, 0, 0, 0, 0, 0, 0, 0, 0, 0, 0, 0, 0, 0, 0, 0, 0, 0, 0, 0, 0, -11.398765, 0, 0, 0, 0, 0, 0, 0, 0, 0, 0, 0, 0, 0, 0, 0, 0, 0, 0, 0, None, ]
Policy - [2, 1, 0, 0, 0, 0, 0, 1, 0, 0, 0, 0, 0, 0, 0, 0, 0, 0, 2, 0, 0, 0, 0, 0, 2, 0, 0, 0, 0, 0, 0, 0, 0, 0, 0, 0, 0, 0, 0, 0, 0, 0, 0, 0, 0, 0, 0, 0, 0, 0, 0, 0, 0, 0, 0, 0, 0, 0, 0, 0, 0, 0, 0, 0, 7, ]
[1.55433346637, 0, 0, 3.05981119911, 0, 0, 0, 3.90439029972, 0, 0, 0, 0, 0, 0, 0, 0, 0, 0, 3.1680926087, 0, 0, 0, 0, 0, 0.4, 0, 0, 0, 0, 0, 0, 0, 0, 0, 0, 0, 0, 0, 0, 0, 0, 0, 0, 0, -11.398765, 0, 0, 0, 0, 0, 0, 0, 0, 0, 0, 0, 0, 0, 0, 0, 0, 0, 0, 0, None, ]
[1.70485064154, 0, 0, 3.24423006527, 0, 0, 0, 4.03072884969, 0, 0, 0, 0, 0, 0, 0, 0, 0, 0, 3.19127934783, 0, 0, 0, 0, 0, 0.76, 0, 0, 0, 0, 0, 0, 0, 0, 0, 0, 0, 0, 0, 0, 0, 0, 0, 0, 0, -11.398765, 0, 0, 0, 0, 0, 0, 0, 0, 0, 0, 0, 0, 0, 0, 0, 0, 0, 0, 0, None, ]
[1.85875614161, 0, 0, 3.42283963642, 0, 0, 0, 4.14675198671, 0, 0, 0, 0, 0, 0, 0, 0, 0, 0, 3.24814381305, 0, 0, 0, 0, 0, 1.084, 0, 0, 0, 0, 0, 0, 0, 0, 0, 0, 0, 0, 0, 0, 0, 0, 0, 0, 0, -11.398765, 0, 0, 0, 0, 0, 0, 0, 0, 0, 0, 0, 0, 0, 0, 0, 0, 0, 0, 0, None, ]
[2.01513026269, 0, 0, 3.59518940393, 0, 0, 0, 4.25685868791, 0, 0, 0, 0, 0, 0, 0, 0, 0, 0, 3.33171859174, 0, 0, 0, 0, 0, 1.3756, 0, 0, 0, 0, 0, 0, 0, 0, 0, 0, 0, 0, 0, 0, 0, 0, 0, 0, 0.5, -11.398765, 0, 0, 0, 0, 0, 0, 0, 0, 0, 0, 0, 0, 0, 0, 0, 0, 0, 0, 0, None, ]
[2.17310022492, 0, 0, 3.76131376374, 0, 0, 0, 4.3643113611, 0, 0, 0, 0, 0, 0, 0, 0, 0, 0, 3.43609297657, 0, 0, 0, 0, 0, 1.688035, 0, 0, 0, 0, 0, 0, 0, 0, 0, 0, 0, 0, 0, 0, 0, 0, 0, 0, 0.95, -11.398765, 0, 0, 0, 0, 0, 0, 0, 0, 0, 0, 0, 0, 0, 0, 0, 0, 0, 0, 0, None, ]
[2.33188396567, 0, 0, 3.92156988036, 0, 0, 0, 4.47145516172, 0, 0, 0, 0, 0, 0, 0, 0, 0, 0, 3.56127029856, 0, 0, 0, 0, 0, 2.014222, 0, 0, 0, 0, 0, 0, 0, 0, 0, 0, 0, 0, 0, 0, 0, 0, 0, 0, 1.355, -11.398765, 0, 0, 0, 0, 0, 0, 0, 0.6, 0, 0, 0, 0, 0, 0, 0, 0, 0, 0, 0, None, ]
[2.49081334144, 0, 0, 4.07651369395, 0, 0, 0, 4.5804010627, 0, 0, 0, 0, 0, 0, 0, 0, 0, 0, 3.70654532649, 0, 0, 0, 0, 0, 2.34828625, 0, 0, 0, 0, 0, 0, 0, 0, 0, 0, 0, 0, 0, 0, 0, 0, 0, 0, 1.779494, -11.398765, 0, 0, 0, 0, 0, 0, 0, 1.14, 0, 0, 0, 0, 0, 0, 0, 0, 0, 0, 0, None, ]
[2.64934261155, 0, 0, 4.22685662681, 0, 0, 0, 4.69297842363, 0, 0, 0, 0, 0, 0, 0, 0, 0, 0, 3.87069593597, 0, 0, 0, 0, 0, 2.69138923006, 0, 0, 0, 0, 0, 0, 0, 0, 0, 0, 0, 0, 0, 0, 0, 0, 0, 0, 2.2155332, -11.398765, 0, 0, 0, 0, 0, 0, 0, 1.626, 0, 0, 0, 0, 0, 0, 0, 0, 0, 0, 0, None, ]
[2.80705174451, 0, 0, 4.37342187671, 0, 0, 0, 4.8107114679, 0, 0, 0, 0, 0, 0, 0, 0, 0, 0, 4.05273835149, 0, 0, 0, 0, 0, 3.04378147172, 0, 0, 0, 0, 0, 0, 0, 0, 0, 0, 0, 0, 0, 0, 0, 0, 0, 0, 2.65656362, -11.398765, 0, 0, 0, 0, 0, 0, 0, 2.0634, 0, 0, 0, 0, 0, 0, 0, 0, 0, 0, 0, None, ]
[2.96364502351, 0, 0, 4.51710272871, 0, 0, 0, 4.93487362888, 0, 0, 0, 0, 0, 0, 0, 0, 0, 0, 4.2518122257, 0, 0, 0, 0, 0, 3.40503312091, 0, 0, 0, 0, 0, 0, 0, 0, 0, 0, 0, 0, 0, 0, 0, 0, 0, 0, 3.097226624, -11.398765, 0, 0, 0, 0, 0, 0, 0, 2.45706, 0, 0, 0.7, 0, 0, 0, 0, 0, 0, 0, 0, None, ]
Policy - [2, 1, 0, 0, 0, 0, 0, 1, 0, 0, 0, 0, 0, 0, 0, 0, 0, 0, 2, 0, 0, 0, 0, 0, 2, 0, 0, 0, 0, 0, 0, 0, 0, 0, 0, 0, 0, 0, 0, 0, 0, 0, 0, 3, 0, 0, 0, 0, 0, 0, 0, 0, 5, 0, 0, 3, 2, 0, 1, 1, 0, 0, 0, 0, 0, ]
[3.11894562301, 0, 0, 4.65883046999, 0, 0, 0, 5.06652497044, 0, 0, 0, 0, 0, 0, 0, 0, 0, 0, 4.46710026489, 0, 0, 0, 0, 0, 3.77422149896, 0, 0, 0, 0, 0, 0, 0, 0, 0, 0, 0, 0, 0, 0, 0, 0, 0, 0, 3.533185391, -11.398765, 0, 0, 0, 0, 0, 0, 0, 2.881347, 0, 0, 1.33, 0, 0, 0, 0, 0, 0, 0, 0, None, ]
[3.2728875194, 0, 0, 4.79954925479, 0, 0, 0, 5.20653782888, 0, 0, 0, 0, 0, 0, 0, 0, 0, 0, 4.69777464608, 0, 0, 0, 0, 0, 4.15008255631, 0, 0, 0, 0, 0, 0, 0, 0, 0, 0, 0, 0, 0, 0, 0, 0, 0, 0, 3.96797273843, -11.398765, 0, 0, 0, 0, 0, 0, 0, 3.326199, 0, 0, 1.897, 0.8, 0, 0, 0, 0, 0, 0, 0, None, ]
[3.42550569745, 0, 0, 4.94019604682, 0, 0, 0, 5.35561453285, 0, 0, 0, 0, 0, 0, 0, 0, 0, 0, 4.94296393628, 0, 0, 0, 0, 0, 4.53183189479, 0, 0, 0, 0, 0, 0, 0, 0, 0, 0, 0, 0, 0, 0, 0, 0, 0, 0, 4.4037621026, -11.398765, 0, 0, 0, 0, 0, 0, 0, 3.78326013, 0, 0, 2.487292, 1.52, 0, 0, 0, 0, 0, 0, 0, None, ]
[3.57692533042, 0, 0, 5.08168433928, 0, 0, 0, 5.51430004356, 0, 0, 0, 0, 0, 0, 0, 0, 0, 0, 5.20180541381, 0, 0, 0, 0, 0, 4.91898087795, 0, 0, 0, 0, 0, 0, 0, 0, 0, 0, 0, 0, 0, 0, 0, 0, 0, 0, 4.84167407274, -11.398765, 0, 0, 0, 0, 0, 0, 0, 4.25363844408, 0, 0, 3.0905476, 2.168, 0, 0, 0, 0, 0, 0, 0, None, ]
[3.72735041447, 0, 0, 5.22489076671, 0, 0, 0, 5.68299856253, 0, 0, 0, 0, 0, 0, 0, 0, 0, 0, 5.47347377042, 0, 0, 0, 0, 0, 5.31120178069, 0, 0, 0, 0, 0, 0, 0, 0, 0, 0, 0, 0, 0, 0, 0, 0, 0, 0, 5.28282797349, -11.398765, 0, 0, 0, 0, 0, 0, 0, 4.7372984542, 0, 0, 3.69827116, 2.7512, 0, 0, 0, 0, 0, 0, 0, None, ]
[3.87705220078, 0, 0, 5.3706447163, 0, 0, 0, 5.86199134858, 0, 0, 0, 0, 0, 0, 0, 0, 0, 0, 5.75719345943, 0, 0, 0, 0, 0, 5.70831157169, 0, 0, 0, 0, 0, 0, 0, 0, 0, 0, 0, 0, 0, 0, 0, 0, 0, 0, 5.72822764857, -11.398765, 0, 0, 0, 0, 0, 0, 0, 5.23335874206, 0, 0, 4.303536532, 3.27608, 0, -5.59935, 0, 0, 0, 0, 0, None, ]
[4.02635774589, 0, 0, 5.51972075962, 0, 0, 0, 6.05145398773, 0, 0, 0, 0, 0, 0, 0, 0, 0, 0, 6.05224818754, 0, 0, 0, 0, 0, 6.1102458971, 0, 0, 0, 0, 0, 0, 0, 0, 0, 0, 0, 0, 0, 0, 0, 0, 0, 0, 6.17868842433, -11.398765, 0, 0, 0, 0, 0, 0, 0, 5.74033348569, 0, 0, 4.900758118, 3.1885929935, 0, -5.59935, 0, 0, 0, 0, 0, None, ]
[4.17563885005, 0, 0, 5.67283356789, 0, 0, 0, 6.25147288523, 0, 0, 0, 0, 0, 0, 0, 0, 0, 0, 6.35798685603, 0, 0, 0, 0, 0, 6.51702836294, 0, 0, 0, 0, 0, 0, 0, 0, 0, 0, 0, 0, 0, 0, 0, 0, 0, 0, 6.63479552714, -11.398765, 0, 0, 0, 0, 0, 0, 0, 6.25632694134, 0, 0, 5.42950971962, 3.10985468765, 0, -5.59935, 0, 0, 0, 0, 0, None, ]
[4.3253015935, 0, 0, 5.83063498489, 0, 0, 0, 6.46206070244, 0, 0, 0, 0, 0, 0, 0, 0, 0, 0, 6.67382583644, 0, 0, 0, 0, 0, 6.9287387314, 0, 0, 0, 0, 0, 0, 0, 0, 0, 0, 0, 0, 0, 0, 0, 0, 0, 0, 7.09688610529, -11.398765, 0, 0, 0, 0, 0, 0, 0, 6.77359092407, 0, 0, 5.89751311788, 3.03899021239, 0, -5.59935, 0, 0, 0, 0, 0, None, ]
[4.47577662629, 0, 0, 5.99371293604, 0, 0, 0, 6.68317047758, 0, 0, 0, 0, 0, 0, 0, 0, 0, 0, 6.99924783855, 0, 0, 0, 0, 0, 7.34548249993, 0, 0, 0, 0, 0, 0, 0, 0, 0, 0, 0, 0, 0, 0, 0, 0, 0, 0, 7.56448885126, -11.398765, 0, 0, 0, 0, 0, 0, 0, 7.28592416832, 0, 0, 6.31163043742, 2.97521218465, 0, -5.59935, 0, 0, 0, 0, 0, None, ]
Policy - [2, 1, 0, 0, 0, 0, 0, 1, 0, 0, 0, 0, 0, 0, 0, 0, 0, 0, 2, 0, 0, 0, 0, 0, 2, 0, 0, 0, 0, 0, 0, 0, 0, 0, 0, 0, 0, 0, 0, 0, 0, 0, 0, 3, 0, 0, 0, 0, 0, 0, 0, 0, 5, 0, 0, 3, 5, 0, 1, 1, 0, 0, 0, 0, 6, ]
[4.62751032013, 0, 0, 6.16259185849, 0, 0, 0, 6.9147082212, 0, 0, 0, 0, 0, 0, 0, 0, 0, 0, 7.33379784986, 0, 0, 0, 0, 0, 7.76730749018, 0, 0, 0, 0, 0, 0, 0, 0, 0, 0, 0, 0, 0, 0, 0, 0, 0, 0, 8.03655952372, -11.398765, 0, 0, 0, 0, 0, 0, 0, 7.78843167893, 0, 0, 6.67795886003, 2.91781195968, 0, -5.59935, 0, 0, 0, 0, 0, None, ]
[4.78095684805, 0, 0, 6.33773434768, 0, 0, 0, 7.15654384609, 0, 0, 0, 0, 0, 0, 0, 0, 0, 0, 7.67707114082, 0, 0, 0, 0, 0, 8.19415232793, 0, 0, 0, 0, 0, 0, 0, 0, 0, 0, 0, 0, 0, 0, 0, 0, 0, 0, 8.51166885492, -11.398765, 0, 0, 0, 0, 0, 0, 0, 8.27731761745, 0, 0, 7.00191499187, 2.86615175721, 0, -5.59935, 0, 0, 0, 0, 0, None, ]
[4.93657122067, 0, 0, 6.51954373208, 0, 0, 0, 7.40851980485, 0, 0, 0, 0, 0, 0, 0, 0, 0, 0, 8.02869731801, 0, 0, 0, 0, 0, 8.62581886395, 0, 0, 0, 0, 0, 0, 0, 0, 0, 0, 0, 0, 0, 0, 0, 0, 0, 0, 8.988150958, -11.398765, 0, 0, 0, 0, 0, 0, 0, 8.74970733574, 0, 0, 7.28831000689, 2.31576646914, 0, -10.638765, 0, 0, 0, 0, 0, None, ]
[5.09480327637, 0, 0, 6.70836725416, 0, 0, 0, 7.67045726919, 0, 0, 0, 0, 0, 0, 0, 0, 0, 0, 8.38832321441, 0, 0, 0, 0, 0, 9.06196219184, 0, 0, 0, 0, 0, 0, 0, 0, 0, 0, 0, 0, 0, 0, 0, 0, 0, 0, 9.4642190987, -11.398765, 0, 0, 0, 0, 0, 0, 0, 9.20349471976, 0, 0, 7.49103249545, 1.82041970988, 0, -10.638765, 0, 0, 0, 0, 0, None, ]
[5.25609259048, 0, 0, 6.90449955109, 0, 0, 0, 7.94215998048, 0, 0, 0, 0, 0, 0, 0, 0, 0, 0, 8.75559649253, 0, 0, 0, 0, 0, 9.50209324034, 0, 0, 0, 0, 0, 0, 0, 0, 0, 0, 0, 0, 0, 0, 0, 0, 0, 0, 9.93805462586, -11.398765, 0, 0, 0, 0, 0, 0, 0, 9.632173587, 0, 0, 7.62395301269, 1.37460762654, 0, -10.638765, 0, 0, 0, 0, 0, None, ]
[5.42086424155, 0, 0, 7.10818617243, 0, 0, 0, 8.22341607572, 0, 0, 0, 0, 0, 0, 0, 0, 0, 0, 9.13015114638, 0, 0, 0, 0, 0, 9.94558999834, 0, 0, 0, 0, 0, 0, 0, 0, 0, 0, 0, 0, 0, 0, 0, 0, 0, 0, 10.4073702002, -11.398765, 0, 0, 0, 0, 0, 0, 0, 10.03127529, 0, 0, 7.699004728, 0.973376751536, 0, -10.638765, 0, 0, 0, 0, 0, None, ]
[5.58952535277, 0, 0, 7.3196269286, 0, 0, 0, 8.51399828128, 0, 0, 0, 0, 0, 0, 0, 0, 0, 0, 9.51159557568, 0, 0, 0, 0, 0, 10.3916639448, 0, 0, 0, 0, 0, 0, 0, 0, 0, 0, 0, 0, 0, 0, 0, 0, 0, 0, 10.8696603965, -11.398765, 0, 0, 0, 0, 0, 0, 0, 10.3979712438, 0, 0, 7.72643219659, 0.612268964033, 0, -10.638765, 0, 0, 0, 0, 0, None, ]
[5.76246231409, 0, 0, 7.53897892388, 0, 0, 0, 8.81366289476, 0, 0, 0, 0, 0, 0, 0, 0, 0, 0, 9.89949849595, 0, 0, 0, 0, 0, 10.8393548934, 0, 0, 0, 0, 0, 0, 0, 0, 0, 0, 0, 0, 0, 0, 0, 0, 0, 0, 11.3223875015, -11.398765, 0, 0, 0, 0, 0, 0, 0, 10.7307400747, 0, 0, 7.71500975064, 0.287271955279, 0, -15.1742385, 0, 0, 0, 0, 0, None, ]
[5.94003858528, 0, 0, 7.76635918434, 0, 0, 0, 9.1221474599, 0, 0, 0, 0, 0, 0, 0, 0, 0, 0, 10.2933757421, 0, 0, 0, 0, 0, 11.2875449303, 0, 0, 0, 0, 0, 0, 0, 0, 0, 0, 0, 0, 0, 0, 0, 0, 0, 0, 11.7631154514, -11.398765, 0, 0, 0, 0, 0, 0, 0, 11.0290898922, 0, 0, 7.67223309839, 0, 0, -15.1742385, 0, 0, 0, 0, 0, None, ]
[6.12259298159, 0, 0, 8.00184679042, 0, 0, 0, 9.43916735436, 0, 0, 0, 0, 0, 0, 0, 0, 0, 0, 10.6926797855, 0, 0, 0, 0, 0, 11.7349843513, 0, 0, 0, 0, 0, 0, 0, 0, 0, 0, 0, 0, 0, 0, 0, 0, 0, 0, 12.1896026046, -11.398765, 0, 0, 0, 0, 0, 0, 0, 11.2933274905, 0, 0, 7.60500978855, 0.8, 0, -15.1742385, 0, 0, 0, 0, 0, None, ]
Policy - [2, 1, 0, 0, 0, 0, 0, 1, 0, 0, 0, 0, 0, 0, 0, 0, 0, 0, 2, 0, 0, 0, 0, 0, 2, 0, 0, 0, 0, 0, 0, 0, 0, 0, 0, 0, 0, 0, 0, 0, 0, 0, 0, 3, 0, 0, 0, 0, 0, 0, 0, 0, 5, 0, 0, 3, 6, 0, 2, 4, 0, 0, 0, 0, 3, ]
[6.31043834401, 0, 0, 8.24548445514, 0, 0, 0, 9.76441167068, 0, 0, 0, 0, 0, 0, 0, 0, 0, 0, 11.0967928922, 0, 0, 0, 0, 0, 12.1803242806, 0, 0, 0, 0, 0, 0, 0, 0, 0, 0, 0, 0, 0, 0, 0, 0, 0, 0, 12.5998621599, -11.398765, 0, 0, 0, 0, 0, 0, 0, 11.5244196702, 0, 0, 7.62450080969, 1.52, 0, -15.1742385, 0.9, 0, 0, 0, 0, None, ]
[6.50386050028, 0, 0, 8.49727953258, 0, 0, 0, 10.0975388249, 0, 0, 0, 0, 0, 0, 0, 0, 0, 0, 11.5050242278, 0, 0, 0, 0, 0, 12.6221520699, 0, 0, 0, 0, 0, 0, 0, 0, 0, 0, 0, 0, 0, 0, 0, 0, 0, 0, 12.9922026667, -11.398765, 0, 0, 0, 0, 0, 0, 0, 11.7343515392, 0, 0, 7.71403552872, 2.257991, 0, -15.1742385, 1.71, 0, 0, 0, 0, None, ]
[6.70311743071, 0, 0, 8.75720448642, 0, 0, 0, 10.438172315, 0, 0, 0, 0, 0, 0, 0, 0, 0, 0, 11.9166107905, 0, 0, 0, 0, 0, 13.0590272076, 0, 0, 0, 0, 0, 0, 0, 0, 0, 0, 0, 0, 0, 0, 0, 0, 0, 0, 13.3663002105, -11.398765, 0, 0, 0, 0, 0, 0, 0, 11.9322427978, 0, 0, 7.86840849594, 3.0031748, 0, -15.1742385, 2.439, 1.0, 0, 0, 0, None, ]
[6.90843856424, 0, 0, 9.02519688756, 0, 0, 0, 10.7858969964, 0, 0, 0, 0, 0, 0, 0, 0, 0, 0, 12.330721842, 0, 0, 0, 0, 0, 13.4896208448, 0, 0, 0, 0, 0, 0, 0, 0, 0, 0, 0, 0, 0, 0, 0, 0, 0, 0, 13.7227751468, -11.398765, 0, 0, 0, 0, 0, 0, 0, 12.1257806835, 0, 0, 8.0818550946, 3.74673293, 0, -15.1742385, 3.19509, 1.9, 0, 0, 0, None, ]
[7.1200241446, 0, 0, 9.30115903947, 0, 0, 0, 11.1402561737, 0, 0, 0, 0, 0, 0, 0, 0, 0, 0, 12.746476846, 0, 0, 0, 0, 0, 13.9127990473, 0, 0, 0, 0, 0, 0, 0, 0, 0, 0, 0, 0, 0, 0, 0, 0, 0, 0, 14.0629544426, -11.398765, 0, 0, 0, 0, 0, 0, 0, 12.3213073061, 0, 0, 8.34830541081, 4.4915366861, 0, -15.1742385, 3.965562, 2.71, 0, 0, 7.0994, None, ]
[7.3380446225, 0, 0, 9.58495735034, 0, 0, 0, 11.5007507762, 0, 0, 0, 0, 0, 0, 0, 0, 0, 0, 13.1629699382, 0, 0, 0, 0, 0, 14.3276739573, 0, 0, 0, 0, 0, 0, 0, 0, 0, 0, 0, 0, 0, 0, 0, 0, 0, 0, 14.3886665159, -11.398765, 0, 0, 0, 0, 0, 0, 0, 12.5239236335, 0, 0, 8.66258362297, 5.23889956187, 0, -15.1742385, 4.7399787, 4.148869006, 0, 0, 13.48886, None, ]
[7.56264004571, 0, 0, 9.87642168542, 0, 0, 0, 11.8668410627, 0, 0, 0, 0, 0, 0, 0, 0, 0, 0, 13.5792970633, 0, 0, 0, 0, 0, 14.7336293265, 0, 0, 0, 0, 0, 0, 0, 0, 0, 0, 0, 0, 0, 0, 0, 0, 0, 0, 14.7020669884, -11.398765, 0, 0, 0, 0, 0, 0, 0, 12.7377030066, 0, 0, 9.02016282787, 5.9889600759, 0, -15.1742385, 5.58082624191, 6.0827332168, 0, 0, 19.239374, None, ]
[7.79391944546, 0, 0, 10.1753449547, 0, 0, 0, 12.2379508698, 0, 0, 0, 0, 0, 0, 0, 0, 0, 0, 13.9945829534, 0, 0, 0, 0, 0, 15.130326072, 0, 0, 0, 0, 0, 0, 0, 0, 0, 0, 0, 0, 0, 0, 0, 0, 0, 0, 15.0055032132, -11.398765, 0, 0, 0, 0, 0, 0, 0, 12.9658587871, 0, 0, 9.41698266307, 6.74809088423, 0, -15.1742385, 6.53095611207, 8.39820490138, 0, 0, 24.4148366, None, ]
[8.03196024294, 0, 0, 10.4814831667, 0, 0, 0, 12.6134741323, 0, 0, 0, 0, 0, 0, 0, 0, 0, 0, 14.408005962, 0, 0, 0, 0, 0, 15.5176937311, 0, 0, 0, 0, 0, 0, 0, 0, 0, 0, 0, 0, 0, 0, 0, 0, 0, 0, 15.301409112, -11.398765, 0, 0, 0, 0, 0, 0, 0, 13.2108770049, 0, 0, 9.85002600428, 7.52631209746, 0, -15.1742385, 7.61759700895, 10.9996239229, 0, 0, 29.07275294, None, ]
[8.27680772049, 0, 0, 10.7945561285, 0, 0, 0, 12.9927832352, 0, 0, 0, 0, 0, 0, 0, 0, 0, 0, 14.8188195619, 0, 0, 0, 0, 0, 15.8959122551, 0, 0, 0, 0, 0, 0, 0, 0, 0, 0, 0, 0, 0, 0, 0, 0, 0, 0, 15.5922237925, -11.398765, 0, 0, 0, 0, 0, 0, 0, 13.4746934045, 0, 0, 10.3175793505, 8.33536441264, 0, -15.1742385, 8.8556897041, 13.8066460971, 0, 0, 33.264877646, None, ]
Policy - [2, 1, 0, 0, 0, 0, 0, 1, 0, 0, 0, 0, 0, 0, 0, 0, 0, 0, 2, 0, 0, 0, 0, 0, 2, 0, 0, 0, 0, 0, 0, 0, 0, 0, 0, 0, 0, 0, 0, 0, 0, 0, 0, 3, 0, 0, 0, 0, 0, 0, 0, 0, 5, 0, 0, 3, 6, 0, 2, 4, 7, 0, 0, 5, 7, ]
[8.52847461573, 0, 0, 11.1142489114, 0, 0, 0, 13.3752386797, 0, 0, 0, 0, 0, 0, 0, 0, 0, 0, 15.2263698721, 0, 0, 0, 0, 0, 16.2653874866, 0, 0, 0, 0, 0, 0, 0, 0, 0, 0, 0, 0, 0, 0, 0, 0, 0, 0, 15.8803360068, -11.398765, 0, 0, 0, 0, 0, 0, 0, 13.7588788233, 0, 0, 10.819274503, 9.18730838489, 0, -15.1742385, 10.2506472769, 16.7521366032, 0, 0, 37.0377898814, None, ]
[8.78694090281, 0, 0, 11.4402141358, 0, 0, 0, 13.7601995352, 0, 0, 0, 0, 0, 0, 0, 0, 0, 0, 15.6301089797, 0, 0, 0, 0, 0, 16.6267235353, 0, 0, 0, 0, 0, 0, 0, 0, 0, 0, 0, 0, 0, 0, 0, 0, 0, 0, 16.1680526997, -11.398765, 0, 0, 0, 0, 0, 0, 0, 14.0648101986, 0, 0, 11.3559860181, 10.0935397676, 0, -15.1742385, 11.8006286882, 19.7803315531, 0, 0, 40.4334108933, None, ]
[9.05215382397, 0, 0, 11.7720750738, 0, 0, 0, 14.1470341786, 0, 0, 0, 0, 0, 0, 0, 0, 0, 0, 16.029604168, 0, 0, 0, 0, 0, 16.9806947712, 0, 0, 0, 0, 0, 0, 0, 0, 0, 0, 0, 0, 0, 0, 0, 0, 0, 0, 16.4575878015, -11.398765, 0, 0, 0, 0, 0, 0, 0, 14.3938142207, 0, 0, 11.9296404577, 11.0641306534, 0, -15.1742385, 13.4984011714, 22.845235153, 0, 0, 43.4894698039, None, ]
[9.3240282282, 0, 0, 12.1094295139, 0, 0, 0, 14.5351308815, 0, 0, 0, 0, 0, 0, 0, 0, 0, 0, 16.4245434214, 0, 0, 0, 0, 0, 17.3282194983, 0, 0, 0, 0, 0, 0, 0, 0, 0, 0, 0, 0, 0, 0, 0, 0, 0, 0, 16.7510665052, -11.398765, 0, 0, 0, 0, 0, 0, 0, 14.747277548, 0, 0, 12.542978836, 12.1074227212, 0, -15.1742385, 15.3328561172, 25.9092237234, 0, 0, 46.2399228235, None, ]
[9.60244726247, 0, 0, 12.4518542994, 0, 0, 0, 14.9239078901, 0, 0, 0, 0, 0, 0, 0, 0, 0, 0, 16.8147377469, 0, 0, 0, 0, 0, 17.6703366883, 0, 0, 0, 0, 0, 0, 0, 0, 0, 0, 0, 0, 0, 0, 0, 0, 0, 0, 17.0505401367, -11.398765, 0, 0, 0, 0, 0, 0, 0, 15.126722247, 0, 0, 13.1993021503, 13.2298127322, 0, -15.1742385, 17.2902337856, 28.9418312342, 0, 0, 48.7153305412, None, ]
[9.88726344762, 0, 0, 12.7989104194, 0, 0, 0, 15.3128227284, 0, 0, 0, 0, 0, 0, 0, 0, 0, 0, 17.2001209377, 0, 0, 0, 0, 0, 18.0081865278, 0, 0, 0, 0, 0, 0, 0, 0, 0, 0, 0, 0, 0, 0, 0, 0, 0, 0, 17.3580070805, -11.398765, 0, 0, 0, 0, 0, 0, 0, 15.5338482443, 0, 0, 13.9022209103, 14.4356819352, 0, -15.1742385, 19.3551041121, 31.9186940116, 0, 0, 50.9431974871, None, ]
[10.1783001557, 0, 0, 13.150148522, 0, 0, 0, 15.7013805481, 0, 0, 0, 0, 0, 0, 0, 0, 0, 0, 17.5807474148, 0, 0, 0, 0, 0, 18.342995003, 0, 0, 0, 0, 0, 0, 0, 0, 0, 0, 0, 0, 0, 0, 0, 0, 0, 0, 17.6754358584, -11.398765, 0, 0, 0, 0, 0, 0, 0, 15.9705464887, 0, 0, 14.655422656, 15.7274306019, 0, -15.1742385, 21.5111439151, 34.8206349272, 0, 0, 52.9482777384, None, ]
[10.4753534908, 0, 0, 13.5051147108, 0, 0, 0, 16.0891414273, 0, 0, 0, 0, 0, 0, 0, 0, 0, 0, 17.9567887437, 0, 0, 0, 0, 0, 18.6760623342, 0, 0, 0, 0, 0, 0, 0, 0, 0, 0, 0, 0, 0, 0, 0, 0, 0, 0, 18.004787216, -11.398765, 0, 0, 0, 0, 0, 0, 0, 16.4388875512, 0, 0, 15.4624661763, 17.1055868217, 0, -15.1742385, 23.74174481, 37.6328697255, 0, 0, 54.7528499645, None, ]
[10.7781945617, 0, 0, 13.8633564911, 0, 0, 0, 16.475726591, 0, 0, 0, 0, 0, 0, 0, 0, 0, 0, 18.3285293421, 0, 0, 0, 0, 0, 19.0087547745, 0, 0, 0, 0, 0, 0, 0, 0, 0, 0, 0, 0, 0, 0, 0, 0, 0, 0, 18.3480328606, -11.398765, 0, 0, 0, 0, 0, 0, 0, 16.941090789, 0, 0, 16.326607185, 18.5689652031, 0, -15.1742385, 26.0304809728, 40.3443202209, 0, 0, 56.3769649681, None, ]
[11.0865721211, 0, 0, 14.2244287438, 0, 0, 0, 16.8608235808, 0, 0, 0, 0, 0, 0, 0, 0, 0, 0, 18.6963617978, 0, 0, 0, 0, 0, 19.3424991028, 0, 0, 0, 0, 0, 0, 0, 0, 0, 0, 0, 0, 0, 0, 0, 0, 0, 0, 18.7071692426, -11.398765, 0, 0, 0, 0, 0, 0, 0, 17.4794791625, 0, 0, 17.2506572971, 20.1148564753, 0, -15.1742385, 28.3614614544, 42.947020926, 0, 0, 57.8386684713, None, ]
Policy - [2, 1, 0, 0, 0, 0, 0, 1, 0, 0, 0, 0, 0, 0, 0, 0, 0, 0, 2, 0, 0, 0, 0, 0, 2, 0, 0, 0, 0, 0, 0, 0, 0, 0, 0, 0, 0, 0, 0, 0, 0, 0, 0, 3, 0, 0, 0, 0, 0, 0, 0, 0, 5, 0, 0, 3, 6, 0, 2, 4, 7, 0, 0, 5, 7, ]
[11.400215539, 0, 0, 14.5878996193, 0, 0, 0, 17.2441904389, 0, 0, 0, 0, 0, 0, 0, 0, 0, 0, 19.0607821033, 0, 0, 0, 0, 0, 19.6787790451, 0, 0, 0, 0, 0, 0, 0, 0, 0, 0, 0, 0, 0, 0, 0, 0, 0, 0, 19.0842254398, -11.398765, 0, 0, 0, 0, 0, 0, 0, 18.0564244694, 0, 0, 18.2368760664, 21.7392333586, 0, -15.1742385, 30.7195879314, 45.4356072938, 0, 0, 59.1542016241, None, ]
[11.7188380681, 0, 0, 14.9533562593, 0, 0, 0, 17.6256589975, 0, 0, 0, 0, 0, 0, 0, 0, 0, 0, 19.4223850097, 0, 0, 0, 0, 0, 20.0191328423, 0, 0, 0, 0, 0, 0, 0, 0, 0, 0, 0, 0, 0, 0, 0, 0, 0, 0, 19.4812647785, -11.398765, 0, 0, 0, 0, 0, 0, 0, 18.6742872604, 0, 0, 19.2868944033, 23.43696162, 0, -15.1742385, 33.0907355116, 47.8068751848, 0, 0, 60.3381814617, None, ]
[12.0421403536, 0, 0, 15.3204102766, 0, 0, 0, 18.0051373749, 0, 0, 0, 0, 0, 0, 0, 0, 0, 0, 19.7818596016, 0, 0, 0, 0, 0, 20.3651512232, 0, 0, 0, 0, 0, 0, 0, 0, 0, 0, 0, 0, 0, 0, 0, 0, 0, 0, 19.9003802838, -11.398765, 0, 0, 0, 0, 0, 0, 0, 19.3353551057, 0, 0, 20.4016667553, 25.2020081018, 0, -15.1742385, 35.4618714101, 50.0594024307, 0, 0, 61.4037633156, None, ]
[12.3698141418, 0, 0, 15.688702935, 0, 0, 0, 18.382611779, 0, 0, 0, 0, 0, 0, 0, 0, 0, 0, 20.1399851123, 0, 0, 0, 0, 0, 20.7184751255, 0, 0, 0, 0, 0, 0, 0, 0, 0, 0, 0, 0, 0, 0, 0, 0, 0, 0, 20.3436844124, -11.398765, 0, 0, 0, 0, 0, 0, 0, 20.041782254, 0, 0, 21.5814488699, 27.0276398139, 0, -15.1742385, 37.8211239182, 52.1932244816, 0, 0, 62.362786984, None, ]
[12.7015461341, 0, 0, 16.0579099933, 0, 0, 0, 18.7581477125, 0, 0, 0, 0, 0, 0, 0, 0, 0, 0, 20.4976269288, 0, 0, 0, 0, 0, 21.0807926173, 0, 0, 0, 0, 0, 0, 0, 0, 0, 0, 0, 0, 0, 0, 0, 0, 0, 0, 20.8132937788, -11.398765, 0, 0, 0, 0, 0, 0, 0, 20.7955331011, 0, 0, 22.8257976879, 28.9066100131, 0, -15.1742385, 40.1578120423, 54.2095571039, 0, 0, 63.2259082856, None, ]
[13.0370219409, 0, 0, 16.4277461837, 0, 0, 0, 19.1318906578, 0, 0, 0, 0, 0, 0, 0, 0, 0, 0, 20.8557326898, 0, 0, 0, 0, 0, 21.4538346006, 0, 0, 0, 0, 0, 0, 0, 0, 0, 0, 0, 0, 0, 0, 0, 0, 0, 0, 21.3113097557, -11.398765, 0, 0, 0, 0, 0, 0, 0, 21.5983313018, 0, 0, 24.1335898543, 30.8313286379, 0, -15.1742385, 42.4624444529, 56.110559963, 0, 0, 64.002717457, None, ]
[13.3759300878, 0, 0, 16.7979693122, 0, 0, 0, 19.5040663037, 0, 0, 0, 0, 0, 0, 0, 0, 0, 0, 21.2153283425, 0, 0, 0, 0, 0, 21.839369003, 0, 0, 0, 0, 0, 0, 0, 0, 0, 0, 0, 0, 0, 0, 0, 0, 0, 0, 21.839795927, -11.398765, 0, 0, 0, 0, 0, 0, 0, 22.4516158212, 0, 0, 25.5030554194, 32.7940155949, 0, -15.1742385, 44.7266948983, 57.8991356852, 0, 0, 64.7018457113, None, ]
[13.7179660305, 0, 0, 17.1683839707, 0, 0, 0, 19.8749803543, 0, 0, 0, 0, 0, 0, 0, 0, 0, 0, 21.5775140149, 0, 0, 0, 0, 0, 22.2391932974, 0, 0, 0, 0, 0, 0, 0, 0, 0, 0, 0, 0, 0, 0, 0, 0, 0, 0, 22.4007534002, -11.398765, 0, 0, 0, 0, 0, 0, 0, 23.3565047504, 0, 0, 26.9318234968, 34.7868362583, 0, -15.1742385, 46.9433599856, 59.5787596694, 0, 0, 65.3310611402, None, ]
[14.0628361407, 0, 0, 17.5388448593, 0, 0, 0, 20.2450179452, 0, 0, 0, 0, 0, 0, 0, 0, 0, 0, 21.9434595512, 0, 0, 0, 0, 0, 22.6551253002, 0, 0, 0, 0, 0, 0, 0, 0, 0, 0, 0, 0, 0, 0, 0, 0, 0, 0, 22.9960949702, -11.398765, 0, 0, 0, 0, 0, 0, 0, 24.3137673068, 0, 0, 28.4169769046, 36.8020191975, 0, -15.1742385, 49.1063041664, 61.1533365059, 0, 0, 65.8973550262, None, ]
[14.4102616241, 0, 0, 17.9092597177, 0, 0, 0, 20.6146426712, 0, 0, 0, 0, 0, 0, 0, 0, 0, 0, 22.3143995748, 0, 0, 0, 0, 0, 23.0889923062, 0, 0, 0, 0, 0, 0, 0, 0, 0, 0, 0, 0, 0, 0, 0, 0, 0, 0, 23.6276190662, -11.398765, 0, 0, 0, 0, 0, 0, 0, 25.3238040968, 0, 0, 29.9551131137, 38.8319566313, 0, -15.1742385, 51.210395867, 62.6270793843, 0, 0, 66.4070195236, None, ]
Policy - [2, 1, 0, 0, 0, 0, 0, 1, 0, 0, 0, 0, 0, 0, 0, 0, 0, 0, 2, 0, 0, 0, 0, 0, 2, 0, 0, 0, 0, 0, 0, 0, 0, 0, 0, 0, 0, 0, 0, 0, 0, 0, 0, 3, 0, 0, 0, 0, 0, 0, 0, 0, 5, 0, 0, 3, 6, 0, 2, 4, 7, 0, 0, 5, 7, ]
[14.7599823409, 0, 0, 18.2795918666, 0, 0, 0, 20.9843952176, 0, 0, 0, 0, 0, 0, 0, 0, 0, 0, 22.691627958, 0, 0, 0, 0, 0, 23.542618706, 0, 0, 0, 0, 0, 0, 0, 0, 0, 0, 0, 0, 0, 0, 0, 0, 0, 0, 24.2969843312, -11.398765, 0, 0, 0, 0, 0, 0, 0, 26.3866354474, 0, 0, 31.5424091459, 40.8692884509, 0, -15.1742385, 53.2514379479, 64.0044093281, 0, 0, 66.8657175712, None, ]
[15.1117604975, 0, 0, 18.6498623578, 0, 0, 0, 21.3548915753, 0, 0, 0, 0, 0, 0, 0, 0, 0, 0, 23.0764916067, 0, 0, 0, 0, 0, 24.0178122987, 0, 0, 0, 0, 0, 0, 0, 0, 0, 0, 0, 0, 0, 0, 0, 0, 0, 0, 25.0056855765, -11.398765, 0, 0, 0, 0, 0, 0, 0, 27.5018973931, 0, 0, 33.1746883835, 42.9069708862, 0, -15.1742385, 55.2260950418, 65.2898714952, 0, 0, 67.2785458141, None, ]
[15.4653841849, 0, 0, 19.0201517306, 0, 0, 0, 21.7268208136, 0, 0, 0, 0, 0, 0, 0, 0, 0, 0, 23.4703834977, 0, 0, 0, 0, 0, 24.5163495696, 0, 0, 0, 0, 0, 0, 0, 0, 0, 0, 0, 0, 0, 0, 0, 0, 0, 0, 25.7550317392, -11.398765, 0, 0, 0, 0, 0, 0, 0, 28.6688447453, 0, 0, 34.8474875641, 44.9383310408, 0, -15.1742385, 57.1318197885, 66.4880661416, 0, 0, 67.6500912327, None, ]
[15.820670738, 0, 0, 19.3906013707, 0, 0, 0, 22.1009423781, 0, 0, 0, 0, 0, 0, 0, 0, 0, 0, 23.8747349414, 0, 0, 0, 0, 0, 25.0399602363, 0, 0, 0, 0, 0, 0, 0, 0, 0, 0, 0, 0, 0, 0, 0, 0, 0, 0, 26.5461263513, -11.398765, 0, 0, 0, 0, 0, 0, 0, 29.8863605523, 0, 0, 36.5561225284, 46.9571085974, 0, -15.1742385, 58.9667795431, 67.6035921498, 0, 0, 67.9844821094, None, ]
[16.1774698952, 0, 0, 19.761414462, 0, 0, 0, 22.4780828871, 0, 0, 0, 0, 0, 0, 0, 0, 0, 0, 24.2910070713, 0, 0, 0, 0, 0, 25.5903113865, 0, 0, 0, 0, 0, 0, 0, 0, 0, 0, 0, 0, 0, 0, 0, 0, 0, 0, 27.3798509078, -11.398765, 0, 0, 0, 0, 0, 0, 0, 31.1529711887, 0, 0, 38.2957515642, 48.9574860242, 0, -15.1742385, 60.7297847679, 68.641001301, 0, 0, 68.2854338985, None, ]
[16.5356667378, 0, 0, 20.1328565237, 0, 0, 0, 22.8591323955, 0, 0, 0, 0, 0, 0, 0, 0, 0, 0, 24.7206815997, 0, 0, 0, 0, 0, 26.1689915401, 0, 0, 0, 0, 0, 0, 0, 0, 0, 0, 0, 0, 0, 0, 0, 0, 0, 0, 28.2568514062, -11.398765, 0, 0, 0, 0, 0, 0, 0, 32.4668662687, 0, 0, 40.0614354354, 50.9341086007, 0, -15.1742385, 62.4202200112, 69.6047617064, 0, 0, 68.5562905086, None, ]
[16.8951843878, 0, 0, 20.5052555195, 0, 0, 0, 23.2450401091, 0, 0, 0, 0, 0, 0, 0, 0, 0, 0, 25.1652509038, 0, 0, 0, 0, 0, 26.7774949582, 0, 0, 0, 0, 0, 0, 0, 0, 0, 0, 0, 0, 0, 0, 0, 0, 0, 0, 29.1775282238, -11.398765, 0, 0, 0, 0, 0, 0, 0, 33.825922571, 0, 0, 41.8481934108, 52.8820955396, 0, -15.1742385, 64.0379781331, 70.4992290237, 0, 0, 68.8000614578, None, ]
[17.2559864484, 0, 0, 20.8790015281, 0, 0, 0, 23.636809536, 0, 0, 0, 0, 0, 0, 0, 0, 0, 0, 25.6262075343, 0, 0, 0, 0, 0, 27.4172065095, 0, 0, 0, 0, 0, 0, 0, 0, 0, 0, 0, 0, 0, 0, 0, 0, 0, 0, 30.1420293993, -11.398765, 0, 0, 0, 0, 0, 0, 0, 35.2277311731, 0, 0, 43.6510548027, 54.7970434191, 0, -15.1742385, 65.5833982298, 71.3286242665, 0, 0, 69.019455312, None, ]
[17.6180791664, 0, 0, 21.2545459608, 0, 0, 0, 24.0354930738, 0, 0, 0, 0, 0, 0, 0, 0, 0, 0, 26.1050332598, 0, 0, 0, 0, 0, 28.0893873782, 0, 0, 0, 0, 0, 0, 0, 0, 0, 0, 0, 0, 0, 0, 0, 0, 0, 0, 31.1502472994, -11.398765, 0, 0, 0, 0, 0, 0, 0, 36.6696270255, 0, 0, 45.4651056939, 56.6750230662, 0, -15.1742385, 67.0572075473, 72.0970171765, 0, 0, 69.2169097808, None, ]
[17.9815133003, 0, 0, 21.6324003172, 0, 0, 0, 24.4421860421, 0, 0, 0, 0, 0, 0, 0, 0, 0, 0, 26.6031877777, 0, 0, 0, 0, 0, 28.7951618678, 0, 0, 0, 0, 0, 0, 0, 0, 0, 0, 0, 0, 0, 0, 0, 0, 0, 0, 32.2018185757, -11.398765, 0, 0, 0, 0, 0, 0, 0, 38.1487202413, 0, 0, 47.2855306809, 58.5125709422, 0, -15.1742385, 68.46046754, 72.8083142678, 0, 0, 69.3946188027, None, ]
Policy - [2, 1, 0, 0, 0, 0, 0, 1, 0, 0, 0, 0, 0, 0, 0, 0, 0, 0, 2, 0, 0, 0, 0, 0, 2, 0, 0, 0, 0, 0, 0, 0, 0, 0, 0, 0, 0, 0, 0, 0, 0, 0, 0, 3, 0, 0, 0, 0, 0, 0, 0, 0, 5, 0, 0, 3, 6, 0, 2, 4, 7, 0, 0, 5, 7, ]
[18.346385678, 0, 0, 22.0131344678, 0, 0, 0, 24.8580201838, 0, 0, 0, 0, 0, 0, 0, 0, 0, 0, 27.1220972351, 0, 0, 0, 0, 0, 29.5355055204, 0, 0, 0, 0, 0, 0, 0, 0, 0, 0, 0, 0, 0, 0, 0, 0, 0, 0, 33.2961272551, -11.398765, 0, 0, 0, 0, 0, 0, 0, 39.6619284299, 0, 0, 49.1076495814, 60.3066759973, 0, -15.1742385, 69.7945241297, 73.4662507751, 0, 0, 69.5545569224, None, ]
[18.7128404257, 0, 0, 22.3973744592, 0, 0, 0, 25.2841566679, 0, 0, 0, 0, 0, 0, 0, 0, 0, 0, 27.6631427086, 0, 0, 0, 0, 0, 30.3112347326, 0, 0, 0, 0, 0, 0, 0, 0, 0, 0, 0, 0, 0, 0, 0, 0, 0, 0, 34.4323107533, -11.398765, 0, 0, 0, 0, 0, 0, 0, 41.2060094686, 0, 0, 50.9269491562, 62.0547628653, 0, -15.1742385, 71.0609621317, 74.0743858443, 0, 0, 69.6985012302, None, ]
[19.0810698553, 0, 0, 22.7857998385, 0, 0, 0, 25.7217786406, 0, 0, 0, 0, 0, 0, 0, 0, 0, 0, 28.2276487987, 0, 0, 0, 0, 0, 31.1229980116, 0, 0, 0, 0, 0, 0, 0, 0, 0, 0, 0, 0, 0, 0, 0, 0, 0, 0, 35.6092685647, -11.398765, 0, 0, 0, 0, 0, 0, 0, 42.7775941679, 0, 0, 52.7391099795, 63.7546721823, 0, -15.1742385, 72.2615637591, 74.6361003979, 0, 0, 69.8280511072, None, ]
[19.4513149956, 0, 0, 23.1791405009, 0, 0, 0, 26.1720833799, 0, 0, 0, 0, 0, 0, 0, 0, 0, 0, 28.81687249, 0, 0, 0, 0, 0, 31.9712689742, 0, 0, 0, 0, 0, 0, 0, 0, 0, 0, 0, 0, 0, 0, 0, 0, 0, 0, 36.8256733491, -11.398765, 0, 0, 0, 0, 0, 0, 0, 44.3732183579, 0, 0, 54.540028653, 65.4046387244, 0, -15.1742385, 73.398271062, 75.1545971883, 0, 0, 69.9446459965, None, ]
[19.8238657547, 0, 0, 23.578173068, 0, 0, 0, 26.6362741222, 0, 0, 0, 0, 0, 0, 0, 0, 0, 0, 29.4319924257, 0, 0, 0, 0, 0, 32.856341155, 0, 0, 0, 0, 0, 0, 0, 0, 0, 0, 0, 0, 0, 0, 0, 0, 0, 0, 38.0799841178, -11.398765, 0, 0, 0, 0, 0, 0, 0, 45.9893539871, 0, 0, 56.3258356138, 67.0032679754, 0, -15.1742385, 74.4731521286, 75.6329026226, 0, 0, 70.0495813968, None, ]
[20.1990607043, 0, 0, 23.9837168107, 0, 0, 0, 27.1155516326, 0, 0, 0, 0, 0, 0, 0, 0, 0, 0, 30.0740987352, 0, 0, 0, 0, 0, 33.7783246514, 0, 0, 0, 0, 0, 0, 0, 0, 0, 0, 0, 0, 0, 0, 0, 0, 0, 0, 39.3704612112, -11.398765, 0, 0, 0, 0, 0, 0, 0, 47.6224388915, 0, 0, 58.0929088173, 68.5495116592, 0, -15.1742385, 75.488370849, 76.0738700042, 0, 0, 70.1440232571, None, ]
[20.5772864778, 0, 0, 24.3966291373, 0, 0, 0, 27.6111056019, 0, 0, 0, 0, 0, 0, 0, 0, 0, 0, 30.7441835436, 0, 0, 0, 0, 0, 34.7371446028, 0, 0, 0, 0, 0, 0, 0, 0, 0, 0, 0, 0, 0, 0, 0, 0, 0, 0, 40.6951827548, -11.398765, 0, 0, 0, 0, 0, 0, 0, 49.2689049549, 0, 0, 59.8378836064, 70.0426426945, 0, -15.1742385, 76.4461600258, 76.4801838893, 0, 0, 70.2290209314, None, ]
[20.9589767774, 0, 0, 24.8178006727, 0, 0, 0, 28.1241059542, 0, 0, 0, 0, 0, 0, 0, 0, 0, 0, 31.4431322781, 0, 0, 0, 0, 0, 35.7325414661, 0, 0, 0, 0, 0, 0, 0, 0, 0, 0, 0, 0, 0, 0, 0, 0, 0, 0, 42.0520622858, -11.398765, 0, 0, 0, 0, 0, 0, 0, 50.9252044412, 0, 0, 61.5576590887, 71.482229966, 0, -15.1742385, 77.3487976103, 76.8543653033, 0, 0, 70.3055188383, None, ]
[21.344610989, 0, 0, 25.2481499598, 0, 0, 0, 28.6556941553, 0, 0, 0, 0, 0, 0, 0, 0, 0, 0, 32.1717158715, 0, 0, 0, 0, 0, 36.7640730275, 0, 0, 0, 0, 0, 0, 0, 0, 0, 0, 0, 0, 0, 0, 0, 0, 0, 0, 43.4388672493, -11.398765, 0, 0, 0, 0, 0, 0, 0, 52.5878343294, 0, 0, 63.2494013542, 72.8681132425, 0, -15.1742385, 78.198585836, 77.1987776016, 0, 0, 70.3743669544, None, ]
[21.7347124046, 0, 0, 25.6886178224, 0, 0, 0, 29.2069746097, 0, 0, 0, 0, 0, 0, 0, 0, 0, 0, 32.9305839463, 0, 0, 0, 0, 0, 37.831118061, 0, 0, 0, 0, 0, 0, 0, 0, 0, 0, 0, 0, 0, 0, 0, 0, 0, 0, 44.8532380789, -11.398765, 0, 0, 0, 0, 0, 0, 0, 54.2533585379, 0, 0, 64.9105438619, 74.200378516, 0, -15.1742385, 78.9978330248, 77.5156327932, 0, 0, 70.436330259, None, ]
Policy - [2, 1, 0, 0, 0, 0, 0, 1, 0, 0, 0, 0, 0, 0, 0, 0, 0, 0, 2, 0, 0, 0, 0, 0, 2, 0, 0, 0, 0, 0, 0, 0, 0, 0, 0, 0, 0, 0, 0, 0, 0, 0, 0, 3, 0, 0, 0, 0, 0, 0, 0, 0, 5, 0, 0, 3, 6, 0, 2, 4, 7, 0, 0, 5, 7, ]
