[0, 0, 0, 0, 0, 0, 0, 0, 0, 0, 0, 0, 0, 0, 0, 0, 0, 0, 0, 0, 0, 0, 0, 0, 0, 0, 0, 0, 0, 0, 0, 0, 0, 0, 0, 0, 0, 0, 0, 0, 0, 0, 0, 0, 0, 0, 0, 0, 0, 0, 0, 0, 0, 0, 0, 0, 0, 0, 0, 0, 0, 0, 0, 0, 0, ]
[0.0, 0, 0, 0, 0, 0, 0, 0, 0, 0, 0, 0, 0, 0, 0, 0, 0, 0, 0, 0, 0, 0, 0, 0, 0, 0, 0, 0, 0, 0, 0, 0, 0, 0, 0, 0, 0, 0, 0, 0, 0, 0, 0, 0, 0, 0, 0, 0, 0, 0, 0, 0, 0, 0, 0, 0, 0, 0, 0, 0, 0, 0, 0, 0, None, ]
[0.0, 0, 0, 0, 0, 0, 0.1, 0, 0, 0, 0, 0, 0, 0, 0, 0, 0, 0, 0, 0, 0, 0, 0, 0, 0, 0, 0, 0, 0, 0, 0, 0, 0, 0, 0, 0, 0, 0, 0, 0, 0, 0, 0, 0, 0, 0, 0, 0, 0, 0, 0, 0, 0, 0, 0, 0, 0, 0, 0, 0, 0, 0, 0, 0, None, ]
[0.0, 0.1, 0, 0, 0, 0, 0.1, 0, 0, 0, 0, 0, 0, 0, 0, 0, 0, 0, 0, 0, 0, 0, 0, 0, 0, 0, 0, 0, 0, 0, 0, 0, 0, 0, 0, 0, 0, 0, 0, 0, 0, 0, 0, 0, 0, 0, 0, 0, 0, 0, 0, 0, 0, 0, 0, 0, 0, 0, 0, 0, 0, 0, 0, 0, None, ]
[0.009999, 0.19, 0, 0, 0, 0, 0.1, 0, 0.2, 0, 0, 0, 0, 0, 0, 0, 0, 0, 0, 0, 0, 0, 0, 0, 0, 0, 0, 0, 0, 0, 0, 0, 0, 0, 0, 0, 0, 0, 0, 0, 0, 0, 0, 0, 0, 0, 0, 0, 0, 0, 0, 0, 0, 0, 0, 0, 0, 0, 0, 0, 0, 0, 0, 0, None, ]
[0.0279972, 0.290998, 0, 0, 0, 0, 0.1, 0, 0.38, 0, 0, 0, 0, 0, 0, 0, 0, 0, 0, 0, 0, 0, 0, 0, 0, 0, 0, 0, 0, 0, 0, 0, 0, 0, 0, 0, 0, 0, 0, 0, 0, 0, 0, 0, 0, 0, 0, 0, 0, 0, 0, 0, 0, 0, 0, 0, 0, 0, 0, 0, 0, 0, 0, 0, None, ]
[0.05429437002, 0.3998944, 0, 0, 0, 0, 0.1, 0, 0.542, 0, 0, 0, 0, 0, 0, 0, 0, 0, 0, 0, 0, 0.3, 0, 0, 0, 0, 0, 0, 0, 0, 0, 0, 0, 0, 0, 0, 0, 0, 0, 0, 0, 0, 0, 0, 0, 0, 0, 0, 0, 0, 0, 0, 0, 0, 0, 0, 0, 0, 0, 0, 0, 0, 0, 0, None, ]
[0.088850374074, 0.51409954, 0, 0, 0, 0, 0.1, 0, 0.717797, 0, 0, 0, 0, 0, 0, 0, 0, 0, 0, 0, 0, 0.57, 0, 0, 0, 0, 0, 0, 0, 0, 0, 0, 0, 0, 0.4, 0, 0, 0, 0, 0, 0, 0, 0, 0, 0, 0, 0, 0, 0, 0, 0, 0, 0, 0, 0, 0, 0, 0, 0, 0, 0, 0, 0, 0, None, ]
[0.131370149671, 0.63446210803, 0, 0, 0, 0, 0.1, 0, 0.9030116, 0, 0, 0, 0, 0, 0, 0, 0, 0, 0, 0, 0, 0.852996, 0, 0, 0, 0, 0, 0, 0, 0, 0, 0, 0, 0, 0.76, 0, 0, 0, 0, 0, 0, 0, 0, 0, 0, 0, 0, 0, 0, 0, 0, 0, 0, 0, 0, 0, 0, 0, 0, 0, 0, 0, 0, 0, None, ]
[0.181673000886, 0.761308027111, 0, 0, 0, 0, 0.1, 0, 1.09800151004, 0, 0, 0, 0, 0, 0, 0, 0, 0, 0, 0, 0, 1.1436888, 0, 0, 0, 0, 0, 0, 0, 0, 0, 0, 0, 0, 1.084, 0, 0, 0, 0, 0, 0, 0, 0, 0, 0, 0, 0, 0, 0, 0.5, 0, 0, 0, 0, 0, 0, 0, 0, 0, 0, 0, 0, 0, 0, None, ]
[0.239628890428, 0.894966395389, 0, 0, 0, 0, 0.1, 0, 1.30255880215, 0, 0, 0, 0, 0, 0, 0, 0, 0, 0, 0, 0, 1.43770908, 0, 0, 0, 0, 0, 0, 0, 0, 0, 0, 0, 0, 1.425595, 0, 0, 0, 0, 0, 0, 0, 0, 0, 0, 0, 0, 0, 0, 0.95, 0, 0, 0.6, 0, 0, 0, 0, 0, 0, 0, 0, 0, 0, 0, None, ]
Policy - [0, 2, 0, 0, 0, 0, 0, 0, 3, 0, 4, 0, 0, 0, 0, 0, 0, 0, 0, 0, 0, 3, 0, 0, 0, 0, 0, 0, 0, 0, 0, 0, 0, 0, 4, 0, 0, 0, 0, 0, 0, 0, 0, 0, 0, 0, 0, 0, 0, 1, 0, 0, 5, 0, 0, 1, 0, 0, 0, 0, 0, 0, 0, 0, 3, ]
[0.30515369126, 1.03571261048, 0, 0, 0, 0, 0.1, 0, 1.51605945284, 0, 0, 0, 0, 0, 0, 0, 0, 0, 0, 0, 0, 1.73648341605, 0, 0, 0, 0, 0, 0, 0, 0, 0, 0, 0, 0, 1.778026, 0, 0, 0, 0, 0, 0, 0, 0, 0, 0, 0, 0, 0, 0, 1.414994, 0, 0, 1.14, 0, 0, 0, 0, 0, 0, 0, 0, 0, 0, 0, None, ]
[0.378199226056, 1.18373213412, 0, 0, 0, 0, 0.1, 0, 1.73808448433, 0, 0, 0, 0, 0, 0, 0, 0, 0, 0, 0, 0, 2.04061989419, 0, 0, 0, 0, 0, 0, 0, 0, 0, 0, 0, 0, 2.14170865006, 0, 0, 0, 0, 0, 0, 0, 0, 0, 0, 0, 0, 0, 0, 1.8874832, 0, 0, 1.626, 0, 0, 0, 0, 0, 0, 0, 0, 0, 0, 0, None, ]
[0.458740679541, 1.33914998829, 0, 0, 0, 0, 0.1, 0, 1.96831761912, 0, 0, 0, 0, 0, 0, 0, 0, 0, 0, 0, 0, 2.35070735269, 0, 0, 0, 0, 0, 0, 0, 0, 0, 0, 0, 0, 2.51626723022, 0, 0, 0, 0, 0, 0, 0, 0, 0, 0, 0, 0, 0, 0, 2.36131862, 0, 0, 2.0634, 0, 0, 0, 0, 0, 0, 0, 0, 0, 0, 0, None, ]
[0.546768218916, 1.5020470682, 0, 0, 0, 0, 0.1, 0, 2.2065330854, 0, 0, 0, 0, 0, 0, 0, 0, 0, 0, 0, 0, 2.66723817777, 0, 0, 0, 0, 0, 0, 0, 0, 0, 0, 0, 0, 2.90074875601, 0, 0, 0, 0, 0, 0, 0, 0, 0, 0, 0, 0, 0, 0, 2.831506124, 0, 0, 2.45706, 0, 0, 0.7, 0, 0, 0, 0, 0, 0, 0, 0, None, ]
[0.642281083374, 1.67247360459, 0, 0, 0, 0, 0.1, 0, 2.45257692225, 0, 0, 0, 0, 0, 0, 0, 0, 0, 0, 0, 0, 2.9905602281, 0, 0, 0, 0, 0, 0, 0, 0, 0, 0, 0, 0, 3.29379617775, 0, 0, 0, 0, 0, 0, 0, 0, 0, 0, 0, 0, 0, 0, 3.294036941, 0, 0, 2.881347, 0, 0, 1.33, 0.8, 0, 0, 0, 0, 0, 0, 0, None, ]
[0.74528361076, 1.85045941059, 0, 0, 0, 0, 0.1, 0, 2.70634534724, 0, 0, 0, 0, 0, 0, 0, 0, 0, 0, 0, 0, 3.32085088511, 0, 0, 0, 0, 0, 0, 0, 0, 0, 0, 0, 0, 3.69378731371, 0, 0, 0, 0, 0, 0, 0, 0, 0, 0, 0, 0, 0, 0, 3.75273913343, 0, 0, 3.326199, 0, 0, 1.976992, 1.52, 0, 0, 0, 0, 0, 0, 0, None, ]
[0.855782686148, 2.0360209408, 0, 0, 0, 0, 0.1, 0, 2.96776269252, 0, 0, 0, 0, 0, 0, 0, 0, 0, 0, 0, 0, 3.65810759009, 0, 0, 0, 0, 0, 0, 0, 0, 0, 0, 0, 0, 4.09964496829, 0, 0, 0, 0, 0, 0, 0, 0, 0, 0, 0, 0, 0, 0, 4.2100518581, 0, 0, 3.79125853008, 0, 0, 2.6312776, 2.168, 0, 0, 0, 0, 0, 0, 0, None, ]
[0.973786151404, 2.22916543834, 0, 0, 0, 0, 0.1, 0, 3.2367606012, 0, 0, 0, 0, 0, 0, 0, 0, 0, 0, 0, 0, 4.00222033146, 0, 0, 0, 0, 0, 0, 0, 0, 0, 0, 0, 0, 4.51064355675, 0, 0, 0, 0, 0, 0, 0, 0, 0, 0, 0, 0, 0, 0, 4.66813461271, 0, 0, 4.2752341243, 0, 0, 3.28492816, 2.7512, 0, 0, 0, 0, 0, 0, 0, None, ]
[1.09930178844, 2.42989258702, 0, 0, 0, 0, 0.1, 0, 3.51326655202, 0, 0, 0, 0, 0, 0, 0, 0, 0, 0, 0, 0, 4.35301754756, 0, 0, 0, 0, 0, 0, 0, 0, 0, 0, 0, 0, 4.926345981, 0, 0, 0, 0, 0, 0, 0, 0, 0, 0, 0, 0, 0, 0, 5.12880181153, 0, 0, 4.77617067858, 0, 0, 3.931527832, 3.27608, 0, 0, 0, 0, 0, 0, 0, None, ]
[1.23233656938, 2.63819485086, 0, 0, 0, 0, 0.1, 0, 3.7971981214, 0, 0, 0, 0, 0, 0, 0, 0, 0, 0, 0, 0, 4.71030112744, 0, 0, 0, 0, 0, 0, 0, 0, 0, 0, 0, 0, 5.34654027603, 0, 0, 0, 0, 0, 0, 0, 0, 0, 0, 0, 0, 0, 0, 5.59349093653, 0, 0, 5.29166707865, 0, 0, 4.565950288, 3.748472, 0, -5.59935, 0, 0, 0, 0, 0, None, ]
Policy - [0, 2, 0, 0, 0, 0, 0, 0, 3, 0, 4, 0, 0, 0, 0, 0, 0, 0, 0, 0, 0, 3, 0, 0, 0, 0, 0, 0, 0, 0, 0, 0, 0, 0, 4, 0, 0, 0, 0, 0, 0, 0, 0, 0, 0, 0, 0, 0, 0, 1, 0, 0, 5, 0, 0, 3, 5, 0, 2, 0, 0, 0, 0, 0, 3, ]
[1.37289601558, 2.85405720593, 0, 0, 0, 0, 0.1, 0, 4.08846131899, 0, 0, 0, 0, 0, 0, 0, 0, 0, 0, 0, 0, 5.0738715769, 0, 0, 0, 0, 0, 0, 0, 0, 0, 0, 0, 0, 5.77117940717, 0, 0, 0, 0, 0, 0, 0, 0, 0, 0, 0, 0, 0, 0, 6.06325563407, 0, 0, 5.81904974008, 0, 0, 5.18416497448, 3.6137457935, 0, -5.59935, 0, 0, 0, 0, 0, None, ]
[1.52098359404, 3.07745673262, 0, 0, 0, 0, 0.1, 0, 4.38695160607, 0, 0, 0, 0, 0, 0, 0, 0, 0, 0, 0, 0, 5.44354464813, 0, 0, 0, 0, 0, 0, 0, 0, 0, 0, 0, 0, 6.20032639731, 0, 0, 0, 0, 0, 0, 0, 0, 0, 0, 0, 0, 0, 0, 6.53877685417, 0, 0, 6.35550942187, 0, 0, 5.72708691892, 3.49249220765, 0, -5.59935, 0, 0, 0, 0, 0, None, ]
[1.67660013333, 3.30836235045, 0, 0, 0, 0, 0.1, 0, 4.69255647483, 0, 0, 0, 0, 0, 0, 0, 0, 0, 0, 0, 0, 5.81916081978, 0, 0, 0, 0, 0, 0, 0, 0, 0, 0, 0, 0, 6.63410605523, 0, 0, 0, 0, 0, 0, 0, 0, 0, 0, 0, 0, 0, 0, 7.02038655585, 0, 0, 6.89260990071, 0, 0, 6.20359252287, 3.38336398039, 0, -5.59935, 0, 0, 0, 0, 0, None, ]
[1.83974327142, 3.54673483732, 0, 0, 0, 0, 0.1, 0, 5.00515871771, 0, 0, 0, 0, 0, 0, 0, 0, 0, 0, 0, 0, 6.20058900227, 0, 0, 0, 0, 0, 0, 0, 0, 0, 0, 0, 0, 7.07266390142, 0, 0, 0, 0, 0, 0, 0, 0, 0, 0, 0, 0, 0, 0, 7.50753996423, 0, 0, 7.423646127, 0, 0, 6.62153583499, 3.28514857585, 0, -5.59935, 0, 0, 0, 0, 0, None, ]
[2.01040696066, 3.79252717378, 0, 0, 0, 0, 0.1, 0, 5.32463974028, 0, 0, 0, 0, 0, 0, 0, 0, 0, 0, 0, 0, 6.58772576554, 0, 0, 0, 0, 0, 0, 0, 0, 0, 0, 0, 0, 7.5160764323, 0, 0, 0, 0, 0, 0, 0, 0, 0, 0, 0, 0, 0, 0, 7.99907634405, 0, 0, 7.94336888244, 0, 0, 6.98786425759, 3.19675471176, 0, -5.59935, 0, 0, 0, 0, 0, None, ]
[2.1885810567, 4.04568518403, 0, 0, 0, 0, 0.1, 0, 5.65088246555, 0, 0, 0, 0, 0, 0, 0, 0, 0, 0, 0, 0, 6.98048567146, 0, 0, 0, 0, 0, 0, 0, 0, 0, 0, 0, 0, 7.96429643271, 0, 0, 0, 0, 0, 0, 0, 0, 0, 0, 0, 0, 0, 0, 8.4934261642, 0, 0, 8.44774854131, 0, 0, 7.30872133546, 3.11720023409, 0, -10.638765, 0, 0, 0, 0, 0, None, ]
[2.37425101258, 4.30614840336, 0, 0, 0, 0, 0.1, 0, 5.98377298128, 0, 0, 0, 0, 0, 0, 0, 0, 0, 0, 0, 0, 7.37878710462, 0, 0, 0, 0, 0, 0, 0, 0, 0, 0, 0, 0, 8.4171244716, 0, 0, 0, 0, 0, 0, 0, 0, 0, 0, 0, 0, 0, 0, 8.98877392443, 0, 0, 8.93377273351, 0, 0, 7.58953805332, 2.54171009833, 0, -10.638765, 0, 0, 0, 0, 0, None, ]
[2.56739769017, 4.57385102342, 0, 0, 0, 0, 0.1, 0, 6.32320060574, 0, 0, 0, 0, 0, 0, 0, 0, 0, 0, 0, 0, 7.78253667007, 0, 0, 0, 0, 0, 0, 0, 0, 0, 0, 0, 0, 8.87419952914, 0, 0, 0, 0, 0, 0, 0, 0, 0, 0, 0, 0, 0, 0, 9.48318446761, 0, 0, 9.39927337011, 0, 0, 7.78472984072, 2.02376897614, 0, -10.638765, 0, 0, 0, 0, 0, None, ]
[2.76799728499, 4.84872274965, 0, 0, 0, 0, 0.1, 0, 6.66905638681, 0, 0, 0, 0, 0, 0, 0, 0, 0, 0, 0, 0, 8.19161421398, 0, 0, 0, 0, 0, 0, 0, 0, 0, 0, 0, 0, 9.33500319115, 0, 0, 0, 0, 0, 0, 0, 0, 0, 0, 0, 0, 0, 0, 9.97469936512, 0, 0, 9.83774116987, 0, 0, 7.90861351657, 1.55762196618, 0, -10.638765, 0, 0, 0, 0, 0, None, ]
[2.97602134423, 5.1306894228, 0, 0, 0, 0, 0.1, 0, 7.02123025339, 0, 0, 0, 0, 0, 0, 0, 0, 0, 0, 0, 0, 8.60585976167, 0, 0, 0, 0, 0, 0, 0, 0, 0, 0, 0, 0, 9.79887306155, 0, 0, 0, 0, 0, 0, 0, 0, 0, 0, 0, 0, 0, 0, 10.4609051682, 0, 0, 10.2447493184, 0, 0, 7.97349878531, 1.13808965721, 0, -10.638765, 0, 0, 0, 0, 0, None, ]
Policy - [0, 2, 0, 0, 0, 0, 0, 0, 3, 0, 4, 0, 0, 0, 0, 0, 0, 0, 0, 0, 0, 3, 0, 0, 0, 0, 0, 0, 0, 0, 0, 0, 0, 0, 4, 0, 0, 0, 0, 0, 0, 0, 0, 0, 0, 0, 0, 0, 0, 1, 0, 0, 5, 0, 0, 3, 5, 0, 2, 0, 0, 0, 0, 0, 6, ]
[3.19143684519, 5.41967329355, 0, 0, 0, 0, 0.1, 0, 7.37960714562, 0, 0, 0, 0, 0, 0, 0, 0, 0, 0, 0, 0, 9.02506310293, 0, 0, 0, 0, 0, 0, 0, 0, 0, 0, 0, 0, 10.2649716632, 0, 0, 0, 0, 0, 0, 0, 0, 0, 0, 0, 0, 0, 0, 10.9391871357, 0, 0, 10.6175445301, 0, 0, 7.9899464916, 0.760510579141, 0, -10.638765, 0, 0, 0, 0, 0, None, ]
[3.41420629329, 5.71559288269, 0, 0, 0, 0, 0.1, 0, 7.74406249072, 0, 0, 0, 0, 0, 0, 0, 0, 0, 0, 0, 0, 9.44895130923, 0, 0, 0, 0, 0, 0, 0, 0, 0, 0, 0, 0, 10.7322838185, 0, 0, 0, 0, 0, 0, 0, 0, 0, 0, 0, 0, 0, 0, 11.4069166997, 0, 0, 10.9547048268, 0, 0, 7.96699529525, 0.420689408877, 0, -15.1742385, 0, 0, 0, 0, 0, None, ]
[3.6442877963, 6.01836240287, 0, 0, 0, 0, 0.1, 0, 8.11445688305, 0, 0, 0, 0, 0, 0, 0, 0, 0, 0, 0, 0, 9.87717723733, 0, 0, 0, 0, 0, 0, 0, 0, 0, 0, 0, 0, 11.1996330375, 0, 0, 0, 0, 0, 0, 0, 0, 0, 0, 0, 0, 0, 0, 11.8615859654, 0, 0, 11.2558542037, 0, 0, 7.91236049972, 0, 0, -15.1742385, 0, 0, 0, 0, 0, None, ]
[3.88163507334, 6.32789070632, 0, 0, 0, 0, 0.1, 0, 8.49063014671, 0, 0, 0, 0, 0, 0, 0, 0, 0, 0, 0, 0, 10.309310821, 0, 0, 0, 0, 0, 0, 0, 0, 0, 0, 0, 0, 11.6657097144, 0, 0, 0, 0, 0, 0, 0, 0, 0, 0, 0, 0, 0, 0, 12.3009002307, 0, 0, 11.5214257097, 0, 0, 7.82112444975, 0.8, 0, -15.1742385, 0, 0, 0, 0, 0, None, ]
[4.12619735773, 6.64407974405, 0, 0, 0, 0, 0.1, 0, 8.87239512103, 0, 0, 0, 0, 0, 0, 0, 0, 0, 0, 0, 0, 10.7448340533, 0, 0, 0, 0, 0, 0, 0, 0, 0, 0, 0, 0, 12.129105757, 0, 0, 0, 0, 0, 0, 0, 0, 0, 0, 0, 0, 0, 0, 12.7228375643, 0, 0, 11.7513173724, 0, 0, 7.81900400477, 1.52, 0, -15.1742385, 0, 0, 0, 0, 0, None, ]
[4.37791915556, 6.9668225578, 0, 0, 0, 0, 0.1, 0, 9.25953156591, 0, 0, 0, 0, 0, 0, 0, 0, 0, 0, 0, 0, 11.1831399326, 0, 0, 0, 0, 0, 0, 0, 0, 0, 0, 0, 0, 12.5883517094, 0, 0, 0, 0, 0, 0, 0, 0, 0, 0, 0, 0, 0, 0, 13.1255680319, 0, 0, 11.9580078456, 0, 0, 7.8890884043, 2.168, 0, -15.1742385, 0, 0, 0, 0, 0, None, ]
[4.63673982756, 7.2960008633, 0, 0, 0, 0, 0.1, 0, 9.65178057118, 0, 0, 0, 0, 0, 0, 0, 0, 0, 0, 0, 0, 11.6235352267, 0, 0, 0, 0, 0, 0, 0, 0, 0, 0, 0, 0, 13.041942086, 0, 0, 0, 0, 0, 0, 0, 0, 0, 0, 0, 0, 0, 0, 13.5086924332, 0, 0, 12.1510370106, 0, 0, 8.01695788387, 2.7512, 0.9, -15.1742385, 0, 0, 0, 0, 0, None, ]
[4.90259297113, 7.63148231628, 0, 0, 0, 0, 0.1, 0, 10.0488398014, 0, 0, 0, 0, 0, 0, 0, 0, 0, 0, 0, 0, 12.0652454932, 0, 0, 0, 0, 0, 0, 0, 0, 0, 0, 0, 0, 13.4884820338, 0, 0, 0, 0, 0, 0, 0, 0, 0, 0, 0, 0, 0, 0, 13.8728053806, 0, 0, 12.3375489284, 0, 0, 8.19035458348, 3.366071, 1.71, -15.1742385, 0, 1.0, 0, 0, 0, None, ]
[5.17540559082, 7.97311757639, 0, 0, 0, 0, 0.1, 0, 10.4503597181, 0, 0, 0, 0, 0, 0, 0, 0, 0, 0, 0, 0, 12.5074342625, 0, 0, 0, 0, 0, 0, 0, 0, 0, 0, 0, 0, 13.9267756404, 0, 0, 0, 0, 0, 0, 0, 0, 0, 0, 0, 0, 0, 0, 14.2191563599, 0, 0, 12.5227475903, 0, 0, 8.40789256442, 4.0004468, 2.53899, -15.1742385, 0, 1.9, 0, 0, 7.0994, None, ]
[5.4550970582, 8.32073728697, 0, 0, 0, 0, 0.1, 0, 10.8559420982, 0, 0, 0, 0, 0, 0, 0, 0, 0, 0, 0, 0, 12.9492291325, 0, 0, 0, 0, 0, 0, 0, 0, 0, 0, 0, 0, 14.3558715208, 0, 0, 0, 0, 0, 0, 0, 0, 0, 0, 0, 0, 0, 0, 14.5493902555, 0, 0, 12.7111780088, 0, 0, 8.66710798351, 4.6542757301, 3.375072, -15.1742385, 0, 3.419869006, 0, 0, 13.48886, None, ]
Policy - [0, 2, 0, 0, 0, 0, 0, 0, 3, 0, 4, 0, 0, 0, 0, 0, 0, 0, 0, 0, 0, 3, 0, 0, 0, 0, 0, 0, 0, 0, 0, 0, 0, 0, 4, 0, 0, 0, 0, 0, 0, 0, 0, 0, 0, 0, 0, 0, 0, 1, 0, 0, 5, 0, 0, 3, 4, 5, 5, 0, 7, 0, 0, 5, 8, ]
[5.7415778737, 8.67414920867, 0, 0, 0, 0, 0.1, 0, 11.2651413093, 0, 0, 0, 0, 0, 0, 0, 0, 0, 0, 0, 0, 13.3897498126, 0, 0, 0, 0, 0, 0, 0, 0, 0, 0, 0, 0, 14.7750779004, 0, 0, 0, 0, 0, 0, 0, 0, 0, 0, 0, 0, 0, 0, 14.865441919, 0, 0, 12.9066843352, 0, 0, 8.96577821541, 5.32632160637, 4.27951750191, -15.1742385, 0, 5.4266332168, 0, 0, 19.239374, None, ]
[6.03474826571, 9.03313576733, 0, 0, 0, 0, 0.1, 0, 11.6774682622, 0, 0, 0, 0, 0, 0, 0, 0, 0, 0, 0, 0, 13.8281348706, 0, 0, 0, 0, 0, 0, 0, 0, 0, 0, 0, 0, 15.1839656478, 0, 0, 0, 0, 0, 0, 0, 0, 0, 0, 0, 0, 0, 0, 15.1694370938, 0, 0, 13.1125040654, 0, 0, 9.30177929129, 6.02159840075, 5.29417480707, -15.1742385, 0, 7.80771490138, 0, 0, 24.4148366, None, ]
[6.33449668451, 9.39745224213, 0, 0, 0, 0, 0.1, 0, 12.0923966417, 0, 0, 0, 0, 0, 0, 0, 0, 0, 0, 0, 0, 14.2635661087, 0, 0, 0, 0, 0, 0, 0, 0, 0, 0, 0, 0, 15.582361098, 0, 0, 0, 0, 0, 0, 0, 0, 0, 0, 0, 0, 0, 0, 15.4636126659, 0, 0, 13.3313385702, 0, 0, 9.67370098625, 6.74880309963, 6.44545073935, -15.1742385, 0, 10.4681829229, 0, 0, 29.07275294, None, ]
[6.64069826575, 9.76682575812, 0, 0, 0, 0, 0.1, 0, 12.5093709527, 0, 0, 0, 0, 0, 0, 0, 0, 0, 0, 0, 0, 14.695289784, 0, 0, 0, 0, 0, 0, 0, 0, 0, 0, 0, 0, 15.9703316187, 0, 0, 0, 0, 0, 0, 0, 0, 0, 0, 0, 0, 0, 0, 15.750251943, 0, 0, 13.5654780748, 0, 0, 10.0811437096, 7.5184034091, 7.74761927587, -15.1742385, 0, 13.3283491971, 0, 0, 33.264877646, None, ]
[6.95321334673, 10.1409551839, 0, 0, 0, 0, 0.1, 0, 12.9278158829, 0, 0, 0, 0, 0, 0, 0, 0, 0, 0, 0, 0, 15.1226342642, 0, 0, 0, 0, 0, 0, 0, 0, 0, 0, 0, 0, 16.3481661486, 0, 0, 0, 0, 0, 0, 0, 0, 0, 0, 0, 0, 0, 0, 16.0316389014, 0, 0, 13.8169438269, 0, 0, 10.5247944955, 8.34124751958, 9.2055589845, -15.1742385, 0, 16.3216693932, 0, 0, 37.0377898814, None, ]
[7.27188612089, 10.5195119756, 0, 0, 0, 0, 0.1, 0, 13.3471464947, 0, 0, 0, 0, 0, 0, 0, 0, 0, 0, 0, 0, 15.5450239709, 0, 0, 0, 0, 0, 0, 0, 0, 0, 0, 0, 0, 16.7163531075, 0, 0, 0, 0, 0, 0, 0, 0, 0, 0, 0, 0, 0, 0, 16.3100312245, 0, 0, 14.0876236458, 0, 0, 11.0063563854, 9.22758661048, 10.8170068087, -15.1742385, 0, 19.3929110641, 0, 0, 40.4334108933, None, ]
[7.59654351124, 10.9021419561, 0, 0, 0, 0, 0.1, 0, 13.7667787921, 0, 0, 0, 0, 0, 0, 0, 0, 0, 0, 0, 0, 15.9619897211, 0, 0, 0, 0, 0, 0, 0, 0, 0, 0, 0, 0, 17.0755578189, 0, 0, 0, 0, 0, 0, 0, 0, 0, 0, 0, 0, 0, 0, 16.5876495904, 0, 0, 14.3793868562, 0, 0, 11.5283871321, 10.1864204602, 12.5744033051, -15.1742385, 0, 22.4965567129, 0, 0, 43.4894698039, None, ]
[7.92699433431, 11.2884679719, 0, 0, 0, 0, 0.1, 0, 14.1861402651, 0, 0, 0, 0, 0, 0, 0, 0, 0, 0, 0, 0, 16.3731757753, 0, 0, 0, 0, 0, 0, 0, 0, 0, 0, 0, 0, 17.4266011195, 0, 0, 0, 0, 0, 0, 0, 0, 0, 0, 0, 0, 0, 0, 16.8666795231, 0, 0, 14.6941715999, 0, 0, 12.0940886007, 11.2250930007, 14.4663936803, -15.1742385, 0, 25.5954131273, 0, 0, 46.2399228235, None, ]
[8.26302881338, 11.6780933398, 0, 0, 0, 0, 0.1, 0, 14.6046800844, 0, 0, 0, 0, 0, 0, 0, 0, 0, 0, 0, 0, 16.7783440437, 0, 0, 0, 0, 0, 0, 0, 0, 0, 0, 0, 0, 17.7704402931, 0, 0, 0, 0, 0, 0, 0, 0, 0, 0, 0, 0, 0, 0, 17.1492817891, 0, 0, 15.0340423591, 0, 0, 12.7070767897, 12.3490784047, 16.4790396709, -15.1742385, 0, 28.6594016977, 0, 0, 48.7153305412, None, ]
[8.60441848509, 12.0706059675, 0, 0, 0, 0, 0.1, 0, 15.0218786969, 0, 0, 0, 0, 0, 0, 0, 0, 0, 0, 0, 0, 17.1773759642, 0, 0, 0, 0, 0, 0, 0, 0, 0, 0, 0, 0, 18.1081529499, 0, 0, 0, 0, 0, 0, 0, 0, 0, 0, 0, 0, 0, 0, 17.4376075056, 0, 0, 15.4012187314, 0, 0, 13.3711534605, 13.5619097409, 18.5967892796, -15.1742385, 0, 31.6645074287, 0, 0, 50.9431974871, None, ]
Policy - [0, 2, 0, 0, 0, 0, 0, 0, 3, 0, 4, 0, 0, 0, 0, 0, 0, 0, 0, 0, 0, 3, 0, 0, 0, 0, 0, 0, 0, 0, 0, 0, 0, 0, 4, 0, 0, 0, 0, 0, 0, 0, 0, 0, 0, 0, 0, 0, 0, 1, 0, 0, 5, 0, 0, 3, 4, 5, 5, 0, 7, 0, 0, 5, 8, ]
[8.95091652727, 12.4655830216, 0, 0, 0, 0, 0.1, 0, 15.4372566498, 0, 0, 0, 0, 0, 0, 0, 0, 0, 0, 0, 0, 17.5702725813, 0, 0, 0, 0, 0, 0, 0, 0, 0, 0, 0, 0, 18.4409240294, 0, 0, 0, 0, 0, 0, 0, 0, 0, 0, 0, 0, 0, 0, 17.733814616, 0, 0, 15.7980784928, 0, 0, 14.0900934694, 14.8652117269, 20.8032444494, -15.1742385, 0, 34.5918670026, 0, 0, 52.9482777384, None, ]
[9.30225852087, 12.8625960119, 0, 0, 0, 0, 0.1, 0, 15.8503825402, 0, 0, 0, 0, 0, 0, 0, 0, 0, 0, 0, 0, 17.9571533168, 0, 0, 0, 0, 0, 0, 0, 0, 0, 0, 0, 0, 18.7700357499, 0, 0, 0, 0, 0, 0, 0, 0, 0, 0, 0, 0, 0, 0, 18.0400830229, 0, 0, 16.2271390895, 0, 0, 14.867456643, 16.2588069667, 23.081760786, -15.1742385, 0, 37.4269785934, 0, 0, 54.7528499645, None, ]
[9.65816364401, 13.2612161609, 0, 0, 0, 0, 0.1, 0, 16.2608800464, 0, 0, 0, 0, 0, 0, 0, 0, 0, 0, 0, 0, 18.3382538598, 0, 0, 0, 0, 0, 0, 0, 0, 0, 0, 0, 0, 19.0968600764, 0, 0, 0, 0, 0, 0, 0, 0, 0, 0, 0, 0, 0, 0, 18.3586263582, 0, 0, 16.6910221703, 0, 0, 15.7064290873, 17.740871531, 25.415908297, -15.1742385, 0, 40.159018202, 0, 0, 56.3769649681, None, ]
[10.0183362835, 13.6610199406, 0, 0, 0, 0, 0.1, 0, 16.6684340452, 0, 0, 0, 0, 0, 0, 0, 0, 0, 0, 0, 0, 18.7139235128, 0, 0, 0, 0, 0, 0, 0, 0, 0, 0, 0, 0, 19.4228531183, 0, 0, 0, 0, 0, 0, 0, 0, 0, 0, 0, 0, 0, 0, 18.6916990292, 0, 0, 17.1924057977, 0, 0, 16.609695923, 19.3081210485, 27.7898176973, -15.1742385, 0, 42.780249109, 0, 0, 57.8386684713, None, ]
[10.382468039, 14.0615946667, 0, 0, 0, 0, 0.1, 0, 17.0727958527, 0, 0, 0, 0, 0, 0, 0, 0, 0, 0, 0, 0, 19.0846222448, 0, 0, 0, 0, 0, 0, 0, 0, 0, 0, 0, 0, 19.7495507924, 0, 0, 0, 0, 0, 0, 0, 0, 0, 0, 0, 0, 0, 0, 19.041597782, 0, 0, 17.7339687133, 0, 0, 17.5793453543, 20.9560128152, 30.188433036, -15.1742385, 0, 45.2855126585, 0, 0, 59.1542016241, None, ]
[10.7502400859, 14.4625440574, 0, 0, 0, 0, 0.1, 0, 17.4737876457, 0, 0, 0, 0, 0, 0, 0, 0, 0, 0, 0, 0, 19.4509176041, 0, 0, 0, 0, 0, 0, 0, 0, 0, 0, 0, 0, 20.0785650754, 0, 0, 0, 0, 0, 0, 0, 0, 0, 0, 0, 0, 0, 0, 19.4106575354, 0, 0, 18.3183305839, 0, 0, 18.6168025403, 22.678952953, 32.5976881431, -15.1742385, 0, 47.6717900131, 0, 0, 60.3381814617, None, ]
[11.1213258576, 14.8634936783, 0, 0, 0, 0, 0.1, 0, 17.8713061324, 0, 0, 0, 0, 0, 0, 0, 0, 0, 0, 0, 0, 19.8134815656, 0, 0, 0, 0, 0, 0, 0, 0, 0, 0, 0, 0, 20.4115802148, 0, 0, 0, 0, 0, 0, 0, 0, 0, 0, 0, 0, 0, 0, 19.8012416569, 0, 0, 18.9479916115, 0, 0, 19.722790792, 24.4705004951, 35.0046216122, -15.1742385, 0, 49.9378257761, 0, 0, 61.4037633156, None, ]
[11.4953940047, 15.2640962107, 0, 0, 0, 0, 0.1, 0, 18.2653255409, 0, 0, 0, 0, 0, 0, 0, 0, 0, 0, 0, 0, 20.1730873147, 0, 0, 0, 0, 0, 0, 0, 0, 0, 0, 0, 0, 20.7503483466, 0, 0, 0, 0, 0, 0, 0, 0, 0, 0, 0, 0, 0, 0, 20.2157271725, 0, 0, 19.6252743017, 0, 0, 20.8973170573, 26.3235625606, 37.3974426503, -15.1742385, 0, 52.0838054924, 0, 0, 62.362786984, None, ]
[11.8721115844, 15.6640364904, 0, 0, 0, 0, 0.1, 0, 18.6558999874, 0, 0, 0, 0, 0, 0, 0, 0, 0, 0, 0, 0, 20.5306059144, 0, 0, 0, 0, 0, 0, 0, 0, 0, 0, 0, 0, 21.0966840719, 0, 0, 0, 0, 0, 0, 0, 0, 0, 0, 0, 0, 0, 0, 20.6564856327, 0, 0, 20.3522696041, 0, 0, 22.139678372, 28.2305765952, 39.7655580965, -15.1742385, 0, 54.1110800137, 0, 0, 63.2259082856, None, ]
[12.2511474346, 16.0630362811, 0, 0, 0, 0, 0.1, 0, 19.043165274, 0, 0, 0, 0, 0, 0, 0, 0, 0, 0, 0, 0, 20.8870027633, 0, 0, 0, 0, 0, 0, 0, 0, 0, 0, 0, 0, 21.4524576631, 0, 0, 0, 0, 0, 0, 0, 0, 0, 0, 0, 0, 0, 0, 21.1258605071, 0, 0, 21.1307890841, 0, 0, 23.4484858886, 30.1836770897, 42.0995691774, -15.1742385, 0, 56.0219305818, 0, 0, 64.002717457, None, ]
Policy - [0, 2, 0, 0, 0, 0, 0, 0, 3, 0, 4, 0, 0, 0, 0, 0, 0, 0, 0, 0, 0, 3, 0, 0, 0, 0, 0, 0, 0, 0, 0, 0, 0, 0, 4, 0, 0, 0, 0, 0, 0, 0, 0, 0, 0, 0, 0, 0, 0, 1, 0, 0, 5, 0, 0, 3, 4, 5, 5, 0, 7, 0, 0, 5, 8, ]
[12.6321756889, 16.4608587488, 0, 0, 0, 0, 0.1, 0, 19.4273401529, 0, 0, 0, 0, 0, 0, 0, 0, 0, 0, 0, 0, 21.2433337287, 0, 0, 0, 0, 0, 0, 0, 0, 0, 0, 0, 0, 21.8195866889, 0, 0, 0, 0, 0, 0, 0, 0, 0, 0, 0, 0, 0, 0, 21.6261420569, 0, 0, 21.9623242797, 0, 0, 24.8217031719, 32.1748453028, 44.3912450986, -15.1742385, 0, 57.8193692422, 0, 0, 64.7018457113, None, ]
[13.0148793863, 16.8573126158, 0, 0, 0, 0, 0.1, 0, 19.8087270772, 0, 0, 0, 0, 0, 0, 0, 0, 0, 0, 0, 0, 21.6007408289, 0, 0, 0, 0, 0, 0, 0, 0, 0, 0, 0, 0, 22.2000259643, 0, 0, 0, 0, 0, 0, 0, 0, 0, 0, 0, 0, 0, 0, 22.1595406559, 0, 0, 22.8480139519, 0, 0, 26.2566956366, 34.1960413699, 46.6334793192, -15.1742385, 0, 59.5069698706, 0, 0, 65.3310611402, None, ]
[13.3989541361, 17.2522559746, 0, 0, 0, 0, 0.1, 0, 20.1877124449, 0, 0, 0, 0, 0, 0, 0, 0, 0, 0, 0, 0, 21.9604473421, 0, 0, 0, 0, 0, 0, 0, 0, 0, 0, 0, 0, 22.5957558381, 0, 0, 0, 0, 0, 0, 0, 0, 0, 0, 0, 0, 0, 0, 22.7281595054, 0, 0, 23.7886195534, 0, 0, 26.2566956366, 34.1960413699, 46.6334793192, -15.1742385, 0, 59.5069698706, 0, 0, 65.3310611402, None, ]
[13.7841117974, 17.6455997445, 0, 0, 0, 0, 0.1, 0, 20.5647663302, 0, 0, 0, 0, 0, 0, 0, 0, 0, 0, 0, 0, 22.3237522342, 0, 0, 0, 0, 0, 0, 0, 0, 0, 0, 0, 0, 23.0087689232, 0, 0, 0, 0, 0, 0, 0, 0, 0, 0, 0, 0, 0, 0, 23.333967624, 0, 0, 24.6351645947, 0, 0, 27.7502882495, 36.2393188301, 48.8202333047, -15.1742385, 0, 61.088725687, 0, 0, 65.8973550262, None, ]
[14.1700841361, 18.0373107554, 0, 0, 0, 0, 0.1, 0, 20.940441683, 0, 0, 0, 0, 0, 0, 0, 0, 0, 0, 0, 0, 22.6920238154, 0, 0, 0, 0, 0, 0, 0, 0, 0, 0, 0, 0, 23.4410554536, 0, 0, 0, 0, 0, 0, 0, 0, 0, 0, 0, 0, 0, 0, 23.9638409694, 0, 0, 25.5463994573, 0, 0, 29.2988289144, 38.2969220752, 50.9464716556, -15.1742385, 0, 62.5689296473, 0, 0, 66.4070195236, None, ]
[14.5566264249, 18.4274144438, 0, 0, 0, 0, 0.1, 0, 21.315372976, 0, 0, 0, 0, 0, 0, 0, 0, 0, 0, 0, 0, 23.0666925687, 0, 0, 0, 0, 0, 0, 0, 0, 0, 0, 0, 0, 23.8930943668, 0, 0, 0, 0, 0, 0, 0, 0, 0, 0, 0, 0, 0, 0, 24.6218413542, 0, 0, 26.5213494147, 0, 0, 30.8982552612, 40.3613675685, 53.0080917655, -15.1742385, 0, 63.9520745648, 0, 0, 66.8657175712, None, ]
[14.9435209527, 18.8159971433, 0, 0, 0, 0, 0.1, 0, 21.6902742684, 0, 0, 0, 0, 0, 0, 0, 0, 0, 0, 0, 0, 23.4490938175, 0, 0, 0, 0, 0, 0, 0, 0, 0, 0, 0, 0, 24.3657228471, 0, 0, 0, 0, 0, 0, 0, 0, 0, 0, 0, 0, 0, 0, 25.3115269468, 0, 0, 27.5587310168, 0, 0, 32.5441628783, 42.4255099073, 55.0018505247, -15.1742385, 0, 65.2427702082, 0, 0, 67.2785458141, None, ]
[15.3305804118, 19.2032079531, 0, 0, 0, 0, 0.1, 0, 22.0659217324, 0, 0, 0, 0, 0, 0, 0, 0, 0, 0, 0, 0, 23.8405130633, 0, 0, 0, 0, 0, 0, 0, 0, 0, 0, 0, 0, 24.8600501418, 0, 0, 0, 0, 0, 0, 0, 0, 0, 0, 0, 0, 0, 0, 26.0359717665, 0, 0, 28.6569487614, 0, 0, 34.2318733261, 44.4825939505, 56.9252900653, -15.1742385, 0, 66.4456749834, 0, 0, 67.6500912327, None, ]
[15.7176511338, 19.5892586718, 0, 0, 0, 0, 0.1, 0, 22.4431424603, 0, 0, 0, 0, 0, 0, 0, 0, 0, 0, 0, 0, 24.2422181706, 0, 0, 0, 0, 0, 0, 0, 0, 0, 0, 0, 0, 25.3773819446, 0, 0, 0, 0, 0, 0, 0, 0, 0, 0, 0, 0, 0, 0, 26.7977828965, 0, 0, 29.8140988991, 0, 0, 35.9565005626, 46.5262943091, 58.7766641004, -15.1742385, 0, 67.5654401074, 0, 0, 67.9844821094, None, ]
[16.104615995, 19.9744226192, 0, 0, 0, 0, 0.1, 0, 22.8228076092, 0, 0, 0, 0, 0, 0, 0, 0, 0, 0, 0, 0, 24.6554807742, 0, 0, 0, 0, 0, 0, 0, 0, 0, 0, 0, 0, 25.9191540619, 0, 0, 0, 0, 0, 0, 0, 0, 0, 0, 0, 0, 0, 0, 27.5991163558, 0, 0, 31.0279795004, 0, 0, 37.7130146743, 48.5507435216, 60.5548660467, -15.1742385, 0, 68.6066644628, 0, 0, 68.2854338985, None, ]
Policy - [0, 2, 0, 0, 0, 0, 0, 0, 3, 0, 4, 0, 0, 0, 0, 0, 0, 0, 0, 0, 0, 3, 0, 0, 0, 0, 0, 0, 0, 0, 0, 0, 0, 0, 4, 0, 0, 0, 0, 0, 0, 0, 0, 0, 0, 0, 0, 0, 0, 1, 0, 0, 5, 0, 0, 3, 4, 5, 5, 0, 7, 0, 0, 5, 8, ]
[16.4913969132, 20.3590328901, 0, 0, 0, 0, 0.1, 0, 23.2058283709, 0, 0, 0, 0, 0, 0, 0, 0, 0, 0, 0, 0, 25.0815889114, 0, 0, 0, 0, 0, 0, 0, 0, 0, 0, 0, 0, 26.4868743001, 0, 0, 0, 0, 0, 0, 0, 0, 0, 0, 0, 0, 0, 0, 28.4416923904, 0, 0, 32.2961058877, 0, 0, 39.4963020516, 50.5505502254, 62.2593598217, -15.1742385, 0, 69.573858552, 0, 0, 68.5562905086, None, ]
[16.8779569206, 20.7434803799, 0, 0, 0, 0, 0.1, 0, 23.593153609, 0, 0, 0, 0, 0, 0, 0, 0, 0, 0, 0, 0, 25.5218525815, 0, 0, 0, 0, 0, 0, 0, 0, 0, 0, 0, 0, 27.0820716922, 0, 0, 0, 0, 0, 0, 0, 0, 0, 0, 0, 0, 0, 0, 29.3268107791, 0, 0, 33.615730541, 0, 0, 41.3012213635, 52.5208085915, 63.8901139561, -15.1742385, 0, 70.4714161848, 0, 0, 68.8000614578, None, ]
[17.2643018317, 21.1282117713, 0, 0, 0, 0, 0.1, 0, 23.9857682877, 0, 0, 0, 0, 0, 0, 0, 0, 0, 0, 0, 0, 25.9776036719, 0, 0, 0, 0, 0, 0, 0, 0, 0, 0, 0, 0, 27.7062523328, 0, 0, 0, 0, 0, 0, 0, 0, 0, 0, 0, 0, 0, 0, 30.255366598, 0, 0, 34.9838666111, 0, 0, 43.1226548782, 54.4571002268, 65.4475394648, -15.1742385, 0, 71.3035927114, 0, 0, 69.019455312, None, ]
[17.6504815435, 21.5137275652, 0, 0, 0, 0, 0.1, 0, 24.3846920501, 0, 0, 0, 0, 0, 0, 0, 0, 0, 0, 0, 0, 26.4501914755, 0, 0, 0, 0, 0, 0, 0, 0, 0, 0, 0, 0, 28.3608612057, 0, 0, 0, 0, 0, 0, 0, 0, 0, 0, 0, 0, 0, 0, 31.2278667606, 0, 0, 36.3973142112, 0, 0, 44.955554842, 56.3554896752, 66.9324317535, -15.1742385, 0, 72.0744887769, 0, 0, 69.2169097808, None, ]
[18.0365910084, 21.9005801668, 0, 0, 0, 0, 0.1, 0, 24.7909774907, 0, 0, 0, 0, 0, 0, 0, 0, 0, 0, 0, 0, 26.9409748399, 0, 0, 0, 0, 0, 0, 0, 0, 0, 0, 0, 0, 29.0472494825, 0, 0, 0, 0, 0, 0, 0, 0, 0, 0, 0, 0, 0, 0, 32.2444475325, 0, 0, 37.8526887188, 0, 0, 46.7949847705, 58.2125145587, 68.345916711, -15.1742385, 0, 72.7880387082, 0, 0, 69.3946188027, None, ]
[18.4227709185, 22.2893719894, 0, 0, 0, 0, 0.1, 0, 25.2057078159, 0, 0, 0, 0, 0, 0, 0, 0, 0, 0, 0, 0, 27.4513118316, 0, 0, 0, 0, 0, 0, 0, 0, 0, 0, 0, 0, 29.766646843, 0, 0, 0, 0, 0, 0, 0, 0, 0, 0, 0, 0, 0, 0, 33.3048931243, 0, 0, 39.3464503741, 0, 0, 48.6361556241, 60.0251713148, 69.6894010303, -15.1742385, 0, 73.4480027715, 0, 0, 69.5545569224, None, ]
[18.8092081319, 22.680753515, 0, 0, 0, 0, 0.1, 0, 25.6299937044, 0, 0, 0, 0, 0, 0, 0, 0, 0, 0, 0, 0, 27.9825476663, 0, 0, 0, 0, 0, 0, 0, 0, 0, 0, 0, 0, 30.5201384222, 0, 0, 0, 0, 0, 0, 0, 0, 0, 0, 0, 0, 0, 0, 34.4086553848, 0, 0, 40.8749345375, 0, 0, 50.4744569415, 61.7908973923, 70.9645267244, -15.1742385, 0, 74.057962641, 0, 0, 69.6985012302, None, ]
[19.1961358626, 23.075421234, 0, 0, 0, 0, 0.1, 0, 26.0649692751, 0, 0, 0, 0, 0, 0, 0, 0, 0, 0, 0, 0, 28.5360015405, 0, 0, 0, 0, 0, 0, 0, 0, 0, 0, 0, 0, 31.3086460319, 0, 0, 0, 0, 0, 0, 0, 0, 0, 0, 0, 0, 0, 0, 35.5548745507, 0, 0, 42.4343820334, 0, 0, 52.3054830776, 63.5075506803, 72.1731297365, -15.1742385, 0, 74.6213195149, 0, 0, 69.8280511072, None, ]
[19.5838336456, 23.4741153884, 0, 0, 0, 0, 0.1, 0, 26.5117871416, 0, 0, 0, 0, 0, 0, 0, 0, 0, 0, 0, 0, 29.1129529032, 0, 0, 0, 0, 0, 0, 0, 0, 0, 0, 0, 0, 32.1329133351, 0, 0, 0, 0, 0, 0, 0, 0, 0, 0, 0, 0, 0, 0, 36.7424009551, 0, 0, 44.020969083, 0, 0, 54.1250547624, 65.1733868546, 73.3172025011, -15.1742385, 0, 75.1412943936, 0, 0, 69.9446459965, None, ]
[19.9726270787, 23.8776174459, 0, 0, 0, 0, 0.1, 0, 26.9716125882, 0, 0, 0, 0, 0, 0, 0, 0, 0, 0, 0, 0, 29.7146276173, 0, 0, 0, 0, 0, 0, 0, 0, 0, 0, 0, 0, 32.9934946731, 0, 0, 0, 0, 0, 0, 0, 0, 0, 0, 0, 0, 0, 0, 37.9698175582, 0, 0, 45.6308364004, 0, 0, 55.9292362377, 66.7870352472, 74.3988602774, -15.1742385, 0, 75.6209301075, 0, 0, 70.0495813968, None, ]
Policy - [0, 2, 0, 0, 0, 0, 0, 0, 3, 0, 4, 0, 0, 0, 0, 0, 0, 0, 0, 0, 0, 3, 0, 0, 0, 0, 0, 0, 0, 0, 0, 0, 0, 0, 4, 0, 0, 0, 0, 0, 0, 0, 0, 0, 0, 0, 0, 0, 0, 1, 0, 0, 5, 0, 0, 3, 4, 5, 5, 0, 7, 0, 0, 5, 8, ]
[20.3628873392, 24.286747244, 0, 0, 0, 0, 0.1, 0, 27.4456169449, 0, 0, 0, 0, 0, 0, 0, 0, 0, 0, 0, 0, 30.3421843879, 0, 0, 0, 0, 0, 0, 0, 0, 0, 0, 0, 0, 33.8907472634, 0, 0, 0, 0, 0, 0, 0, 0, 0, 0, 0, 0, 0, 0, 39.2354631341, 0, 0, 47.2601170917, 0, 0, 57.7143482683, 68.3474737616, 75.4203110511, -15.1742385, 0, 76.0630947406, 0, 0, 70.1440232571, None, ]
[20.7550304622, 24.7023597579, 0, 0, 0, 0, 0.1, 0, 27.9349702673, 0, 0, 0, 0, 0, 0, 0, 0, 0, 0, 0, 0, 30.996701768, 0, 0, 0, 0, 0, 0, 0, 0, 0, 0, 0, 0, 34.8248264958, 0, 0, 0, 0, 0, 0, 0, 0, 0, 0, 0, 0, 0, 0, 40.5374559287, 0, 0, 48.9049630659, 0, 0, 59.4769773429, 69.8540032875, 76.3838287891, -15.1742385, 0, 76.470486152, 0, 0, 70.2290209314, None, ]
[21.1495163682, 25.1253414591, 0, 0, 0, 0, 0.1, 0, 28.4408334504, 0, 0, 0, 0, 0, 0, 0, 0, 0, 0, 0, 0, 31.6791659925, 0, 0, 0, 0, 0, 0, 0, 0, 0, 0, 0, 0, 35.7956840646, 0, 0, 0, 0, 0, 0, 0, 0, 0, 0, 0, 0, 0, 0, 41.8737175928, 0, 0, 50.5615697238, 0, 0, 61.2139813973, 71.3062219993, 77.2917298205, -15.1742385, 0, 76.8456373397, 0, 0, 70.3055188383, None, ]
[21.5468476239, 25.5566062499, 0, 0, 0, 0, 0.1, 0, 28.9643499129, 0, 0, 0, 0, 0, 0, 0, 0, 0, 0, 0, 0, 32.3904598429, 0, 0, 0, 0, 0, 0, 0, 0, 0, 0, 0, 0, 36.8030686802, 0, 0, 0, 0, 0, 0, 0, 0, 0, 0, 0, 0, 0, 0, 43.2419971902, 0, 0, 52.2261987514, 0, 0, 62.9224923953, 72.7039998642, 78.1463521161, -15.1742385, 0, 76.8456373397, 0, 0, 70.3055188383, None, ]
[21.9475679204, 25.9970909727, 0, 0, 0, 0, 0.1, 0, 29.5066370013, 0, 0, 0, 0, 0, 0, 0, 0, 0, 0, 0, 0, 33.1313526959, 0, 0, 0, 0, 0, 0, 0, 0, 0, 0, 0, 0, 37.8465291112, 0, 0, 0, 0, 0, 0, 0, 0, 0, 0, 0, 0, 0, 0, 44.6398950843, 0, 0, 53.8951988908, 0, 0, 64.5999161022, 74.0474536258, 78.9155121821, -15.1742385, 0, 77.1909224344, 0, 0, 70.3743669544, None, ]
[22.3522602547, 26.4477505092, 0, 0, 0, 0, 0.1, 0, 30.0687772572, 0, 0, 0, 0, 0, 0, 0, 0, 0, 0, 0, 0, 33.9024918721, 0, 0, 0, 0, 0, 0, 0, 0, 0, 0, 0, 0, 38.9254193096, 0, 0, 0, 0, 0, 0, 0, 0, 0, 0, 0, 0, 0, 0, 46.064886513, 0, 0, 55.5650246128, 0, 0, 66.24392938, 75.3334703263, 79.6422812981, -15.1742385, 0, 77.1909224344, 0, 0, 70.3743669544, None, ]
[22.7615448027, 26.9095524962, 0, 0, 0, 0, 0.1, 0, 30.6518096938, 0, 0, 0, 0, 0, 0, 0, 0, 0, 0, 0, 0, 34.7043953617, 0, 0, 0, 0, 0, 0, 0, 0, 0, 0, 0, 0, 40.0389053811, 0, 0, 0, 0, 0, 0, 0, 0, 0, 0, 0, 0, 0, 0, 47.5143446727, 0, 0, 57.2322526502, 0, 0, 67.85213014, 76.5635550007, 80.2963735025, -15.1742385, 0, 77.5085631427, 0, 0, 70.436330259, None, ]
[23.1760764765, 27.3834716979, 0, 0, 0, 0, 0.1, 0, 31.2567212167, 0, 0, 0, 0, 0, 0, 0, 0, 0, 0, 0, 0, 35.5374459746, 0, 0, 0, 0, 0, 0, 0, 0, 0, 0, 0, 0, 41.1859741668, 0, 0, 0, 0, 0, 0, 0, 0, 0, 0, 0, 0, 0, 0, 48.9855631479, 0, 0, 58.8935618779, 0, 0, 69.4225069905, 77.7360338871, 80.9168173809, -15.1742385, 0, 77.8006354911, 0, 0, 70.4920972331, None, ]
[23.5965421639, 27.8704840826, 0, 0, 0, 0, 0.1, 0, 31.884438318, 0, 0, 0, 0, 0, 0, 0, 0, 0, 0, 0, 0, 36.4018869341, 0, 0, 0, 0, 0, 0, 0, 0, 0, 0, 0, 0, 42.3654432093, 0, 0, 0, 0, 0, 0, 0, 0, 0, 0, 0, 0, 0, 0, 50.4757740853, 0, 0, 60.5457621641, 0, 0, 70.9530823198, 78.8533030683, 81.5044211855, -15.1742385, 0, 78.0690767443, 0, 0, 70.5422875098, None, ]
[24.023657651, 28.3715606617, 0, 0, 0, 0, 0.1, 0, 32.5358191607, 0, 0, 0, 0, 0, 0, 0, 0, 0, 0, 0, 0, 37.2978189071, 0, 0, 0, 0, 0, 0, 0, 0, 0, 0, 0, 0, 43.5759715391, 0, 0, 0, 0, 0, 0, 0, 0, 0, 0, 0, 0, 0, 0, 51.9821674356, 0, 0, 62.1857846488, 0, 0, 72.4423158616, 79.9175998359, 82.0601060507, -15.1742385, 0, 78.315692398, 0, 0, 70.5874587588, None, ]
Policy - [0, 2, 0, 0, 0, 0, 0, 0, 3, 0, 4, 0, 0, 0, 0, 0, 0, 0, 0, 0, 0, 3, 0, 0, 0, 0, 0, 0, 0, 0, 0, 0, 0, 0, 4, 0, 0, 0, 0, 0, 0, 0, 0, 0, 0, 0, 0, 0, 0, 1, 0, 0, 5, 0, 0, 3, 4, 5, 5, 0, 7, 0, 0, 5, 8, ]
[24.4581642364, 28.8876611534, 0, 0, 0, 0, 0.1, 0, 33.2116461572, 0, 0, 0, 0, 0, 0, 0, 0, 0, 0, 0, 0, 38.2251984106, 0, 0, 0, 0, 0, 0, 0, 0, 0, 0, 0, 0, 44.8160713071, 0, 0, 0, 0, 0, 0, 0, 0, 0, 0, 0, 0, 0, 0, 53.501907299, 0, 0, 63.810713347, 0, 0, 73.8890450831, 80.9310298563, 82.5848815285, -15.1742385, 0, 78.5421631595, 0, 0, 70.6281128829, None, ]
[24.9008250515, 29.4197275373, 0, 0, 0, 0, 0.1, 0, 33.9126191305, 0, 0, 0, 0, 0, 0, 0, 0, 0, 0, 0, 0, 39.1838375396, 0, 0, 0, 0, 0, 0, 0, 0, 0, 0, 0, 0, 46.0841198872, 0, 0, 0, 0, 0, 0, 0, 0, 0, 0, 0, 0, 0, 0, 55.0321497967, 0, 0, 65.4178076301, 0, 0, 75.2924342501, 81.8955891747, 83.0798242699, -15.1742385, 0, 78.7500518507, 0, 0, 70.6647015946, None, ]
[25.3524211028, 29.9686775705, 0, 0, 0, 0, 0.1, 0, 34.6393491331, 0, 0, 0, 0, 0, 0, 0, 0, 0, 0, 0, 0, 40.1734049331, 0, 0, 0, 0, 0, 0, 0, 0, 0, 0, 0, 0, 47.3783725567, 0, 0, 0, 0, 0, 0, 0, 0, 0, 0, 0, 0, 0, 0, 56.570061402, 0, 0, 67.0045173678, 0, 0, 76.6519307866, 82.813181886, 83.5460595275, -15.1742385, 0, 78.9408101781, 0, 0, 70.6976314352, None, ]
[25.8137470628, 30.5353983332, 0, 0, 0, 0, 0.1, 0, 35.392352979, 0, 0, 0, 0, 0, 0, 0, 0, 0, 0, 0, 0, 41.1934279118, 0, 0, 0, 0, 0, 0, 0, 0, 0, 0, 0, 0, 48.6969757406, 0, 0, 0, 0, 0, 0, 0, 0, 0, 0, 0, 0, 0, 0, 58.1128369534, 0, 0, 68.5684921904, 0, 0, 77.9672277648, 83.6856341895, 83.9847451844, -15.1742385, 0, 79.1157853275, 0, 0, 70.7272682917, None, ]
[26.2856068359, 31.1207398743, 0, 0, 0, 0, 0.1, 0, 36.172048538, 0, 0, 0, 0, 0, 0, 0, 0, 0, 0, 0, 0, 42.2432957249, 0, 0, 0, 0, 0, 0, 0, 0, 0, 0, 0, 0, 50.0379807335, 0, 0, 0, 0, 0, 0, 0, 0, 0, 0, 0, 0, 0, 0, 59.6577167922, 0, 0, 70.1075860755, 0, 0, 79.2382315509, 84.5147054416, 84.3970580409, -15.1742385, 0, 79.2762263512, 0, 0, 70.7539414625, None, ]
[26.7688089323, 31.7255090202, 0, 0, 0, 0, 0.1, 0, 36.9787508237, 0, 0, 0, 0, 0, 0, 0, 0, 0, 0, 0, 0, 43.3222638459, 0, 0, 0, 0, 0, 0, 0, 0, 0, 0, 0, 0, 51.3993577622, 0, 0, 0, 0, 0, 0, 0, 0, 0, 0, 0, 0, 0, 0, 61.2020026446, 0, 0, 71.6198582407, 0, 0, 80.4650337929, 85.3020967309, 84.7841821097, -15.1742385, 0, 79.4232903229, 0, 0, 70.7779473162, None, ]
[27.264161686, 32.350463413, 0, 0, 0, 0, 0.1, 0, 37.8126689033, 0, 0, 0, 0, 0, 0, 0, 0, 0, 0, 0, 0, 44.429459244, 0, 0, 0, 0, 0, 0, 0, 0, 0, 0, 0, 0, 52.7790102304, 0, 0, 0, 0, 0, 0, 0, 0, 0, 0, 0, 0, 0, 0, 62.7430720057, 0, 0, 73.1035711456, 0, 0, 81.6478870657, 86.049457427, 85.1472986981, -15.1742385, 0, 79.5580482428, 0, 0, 70.7995525846, None, ]
[27.7724683541, 32.9963058354, 0, 0, 0, 0, 0.1, 0, 38.6739036428, 0, 0, 0, 0, 0, 0, 0, 0, 0, 0, 0, 0, 45.5638865525, 0, 0, 0, 0, 0, 0, 0, 0, 0, 0, 0, 0, 54.1747889772, 0, 0, 0, 0, 0, 0, 0, 0, 0, 0, 0, 0, 0, 0, 64.2783908839, 0, 0, 74.5571862588, 0, 0, 82.7871836073, 86.7583900811, 85.4875780721, -15.1742385, 0, 79.6814906814, 0, 0, 70.8189973262, None, ]
[28.2945221392, 33.6636788771, 0, 0, 0, 0, 0.1, 0, 39.5624462949, 0, 0, 0, 0, 0, 0, 0, 0, 0, 0, 0, 0, 46.7244350471, 0, 0, 0, 0, 0, 0, 0, 0, 0, 0, 0, 0, 55.584506384, 0, 0, 0, 0, 0, 0, 0, 0, 0, 0, 0, 0, 0, 0, 65.8055248496, 0, 0, 75.9793581218, 0, 0, 83.8834366708, 87.4304540044, 85.8061725181, -15.1742385, 0, 79.7945331559, 0, 0, 70.8364975935, None, ]
[28.8311011762, 34.3531599944, 0, 0, 0, 0, 0.1, 0, 40.4781779258, 0, 0, 0, 0, 0, 0, 0, 0, 0, 0, 0, 0, 47.9098863357, 0, 0, 0, 0, 0, 0, 0, 0, 0, 0, 0, 0, 57.0059501753, 0, 0, 0, 0, 0, 0, 0, 0, 0, 0, 0, 0, 0, 0, 67.3221483832, 0, 0, 77.3689271423, 0, 0, 84.9372640996, 88.067167794, 86.1042106365, -15.1742385, 0, 79.8980212347, 0, 0, 70.8522478342, None, ]
Policy - [0, 2, 0, 0, 0, 0, 0, 0, 3, 0, 4, 0, 0, 0, 0, 0, 0, 0, 0, 0, 0, 3, 0, 0, 0, 0, 0, 0, 0, 0, 0, 0, 0, 0, 4, 0, 0, 0, 0, 0, 0, 0, 0, 0, 0, 0, 0, 0, 0, 1, 0, 0, 5, 0, 0, 3, 4, 5, 5, 0, 7, 0, 0, 5, 8, ]
