[0, 0, 0, 0, 0, 0, 0, 0, 0, 0, 0, 0, 0, 0, 0, 0, 0, 0, 0, 0, 0, 0, 0, 0, 0, 0, 0, 0, 0, 0, 0, 0, 0, 0, 0, 0, 0, 0, 0, 0, 0, 0, 0, 0, 0, 0, 0, 0, 0, 0, 0, 0, 0, 0, 0, 0, 0, 0, 0, 0, 0, 0, 0, 0, 0, ]
[0.0, 0, 0, 0, 0, 0, 0, 0, 0, 0, 0, 0, 0, 0, 0, 0, 0, 0, 0, 0, 0, 0, 0, 0, 0, 0, 0, 0, 0, 0, 0, 0, 0, 0, 0, 0, 0, 0, 0, 0, 0, 0, 0, 0, 0, 0, 0, 0, 0, 0, 0, 0, 0, 0, 0, 0, 0, 0, 0, 0, 0, 0, 0, 0, None, ]
[0.0, 0, 0, 0, 0, 0.1, 0, 0, 0, 0, 0, 0, 0, 0, 0, 0, 0, 0, 0, 0, 0, 0, 0, 0, 0, 0, 0, 0, 0, 0, 0, 0, 0, 0, 0, 0, 0, 0, 0, 0, 0, 0, 0, 0, 0, 0, 0, 0, 0, 0, 0, 0, 0, 0, 0, 0, 0, 0, 0, 0, 0, 0, 0, 0, None, ]
[0.0, 0.1, 0, 0, 0, 0.1, 0, 0, 0, 0, 0, 0, 0, 0, 0, 0, 0, 0, 0, 0, 0, 0, 0, 0, 0, 0, 0, 0, 0, 0, 0, 0, 0, 0, 0, 0, 0, 0, 0, 0, 0, 0, 0, 0, 0, 0, 0, 0, 0, 0, 0, 0, 0, 0, 0, 0, 0, 0, 0, 0, 0, 0, 0, 0, None, ]
[0.0, 0.1, 0, 0, 0.1, 0.1, 0, 0, 0, 0, 0, 0, 0, 0, 0, 0, 0, 0, 0, 0, 0, 0, 0, 0, 0, 0, 0, 0, 0, 0, 0, 0, 0, 0, 0, 0, 0, 0, 0, 0, 0, 0, 0, 0, 0, 0, 0, 0, 0, 0, 0, 0, 0, 0, 0, 0, 0, 0, 0, 0, 0, 0, 0, 0, None, ]
[0.009999, 0.19, 0, 0, 0.1, 0.1, 0, 0, 0, 0, 0.2, 0, 0, 0, 0, 0, 0, 0, 0, 0, 0, 0, 0, 0, 0, 0, 0, 0, 0, 0, 0, 0, 0, 0, 0, 0, 0, 0, 0, 0, 0, 0, 0, 0, 0, 0, 0, 0, 0, 0, 0, 0, 0, 0, 0, 0, 0, 0, 0, 0, 0, 0, 0, 0, None, ]
[0.0279972, 0.290998, 0, 0, 0.1, 0.1, 0, 0, 0, 0, 0.38, 0, 0, 0, 0, 0, 0, 0, 0, 0, 0.3, 0, 0, 0, 0, 0, 0, 0, 0, 0, 0, 0, 0, 0, 0, 0, 0, 0, 0, 0, 0, 0, 0, 0, 0, 0, 0, 0, 0, 0, 0, 0, 0, 0, 0, 0, 0, 0, 0, 0, 0, 0, 0, 0, None, ]
[0.05429437002, 0.3998944, 0, 0, 0.1, 0.1, 0, 0, 0, 0, 0.571997, 0, 0, 0, 0, 0, 0, 0, 0, 0, 0.57, 0, 0, 0, 0, 0, 0, 0, 0, 0, 0, 0, 0, 0, 0, 0, 0, 0, 0, 0, 0, 0, 0, 0, 0, 0, 0, 0, 0, 0, 0, 0, 0, 0, 0, 0, 0, 0, 0, 0, 0, 0, 0, 0, None, ]
[0.088850374074, 0.51709894003, 0, 0, 0.1, 0.1, 0, 0, 0, 0, 0.7717916, 0, 0, 0, 0, 0, 0, 0, 0, 0, 0.813, 0, 0, 0, 0, 0, 0, 0, 0, 0, 0, 0, 0, 0, 0, 0, 0, 0, 0, 0, 0, 0, 0, 0, 0, 0, 0, 0, 0, 0, 0, 0, 0, 0, 0, 0, 0, 0, 0, 0, 0, 0, 0, 0, None, ]
[0.13167005968, 0.642560488111, 0, 0, 0.1, 0.1, 0, 0, 0, 0, 0.97590431, 0, 0, 0, 0, 0, 0, 0, 0, 0, 1.0317, 0, 0, 0, 0, 0, 0, 0, 0, 0, 0, 0, 0, 0.4, 0, 0, 0, 0, 0, 0, 0, 0, 0, 0, 0, 0, 0, 0, 0, 0, 0, 0, 0, 0, 0, 0, 0, 0, 0, 0, 0, 0, 0, 0, None, ]
[0.182752676918, 0.775885111257, 0, 0, 0.1, 0.1, 0, 0, 0, 0, 1.181473562, 0, 0, 0, 0, 0, 0, 0, 0, 0, 1.268526, 0, 0, 0, 0, 0, 0, 0, 0, 0, 0, 0, 0, 0.76, 0, 0, 0, 0, 0, 0, 0, 0, 0, 0, 0, 0, 0, 0, 0, 0, 0, 0, 0, 0, 0, 0, 0, 0, 0, 0, 0, 0, 0, 0, None, ]
Policy - [0, 4, 0, 0, 0, 0, 0, 0, 3, 1, 1, 0, 0, 0, 0, 0, 0, 0, 0, 0, 5, 0, 0, 0, 0, 0, 0, 0, 0, 0, 0, 0, 0, 1, 0, 0, 0, 0, 0, 0, 0, 0, 0, 0, 0, 5, 0, 0, 0, 0, 0, 0, 0, 0, 0, 0, 0, 0, 0, 0, 0, 0, 0, 0, 1, ]
[0.242058161501, 0.916432141596, 0, 0, 0.1, 0.1, 0, 0, 0, 0, 1.39016612054, 0, 0, 0, 0, 0, 0, 0, 0, 0, 1.5176658, 0, 0, 0, 0, 0, 0, 0, 0, 0, 0, 0, 0, 1.084, 0, 0, 0, 0, 0, 0, 0, 0, 0, 0, 0, 0, 0, 0, 0, 0, 0, 0, 0, 0, 0, 0, 0, 0, 0, 0, 0, 0, 0, 0, None, ]
[0.309486395189, 1.06379163783, 0, 0, 0.1, 0.1, 0, 0, 0, 0, 1.60290091183, 0, 0, 0, 0, 0, 0, 0, 0, 0, 1.77428838, 0, 0, 0, 0, 0, 0, 0, 0, 0, 0, 0, 0, 1.3756, 0, 0, 0, 0, 0, 0, 0, 0, 0, 0, 0, 0, 0, 0, 0, 0, 0, 0, 0, 0, 0, 0, 0, 0, 0, 0, 0, 0, 0, 0, None, ]
[0.384906281537, 1.21768653622, 0, 0, 0.1, 0.1, 0, 0, 0, 0, 1.82002191576, 0, 0, 0, 0, 0, 0, 0, 0, 0, 2.034405786, 0, 0, 0, 0, 0, 0, 0, 0, 0, 0, 0, 0, 1.63804, 0, 0, 0, 0, 0, 0, 0, 0, 0, 0, 0, 0.5, 0, 0, 0, 0, 0, 0, 0, 0, 0, 0, 0, 0, 0, 0, 0, 0, 0, 0, None, ]
[0.46817213014, 1.37790187395, 0, 0, 0.1, 0.1, 0, 0, 0, 0, 2.04143995873, 0, 0, 0, 0, 0, 0, 0, 0, 0, 2.294752827, 0, 0, 0, 0, 0, 0, 0, 0, 0, 0, 0, 0, 1.924231, 0, 0, 0, 0, 0, 0, 0, 0, 0, 0, 0, 0.95, 0, 0, 0, 0, 0, 0, 0.6, 0, 0, 0, 0, 0, 0, 0, 0, 0, 0, 0, None, ]
[0.559131325502, 1.54423526803, 0, 0, 0.1, 0.1, 0, 0, 0, 0, 2.26674829803, 0, 0, 0, 0, 0, 0, 0, 0, 0, 2.55768140199, 0, 0, 0, 0, 0, 0, 0, 0, 0, 0, 0, 0, 2.2267984, 0, 0, 0, 0, 0, 0, 0, 0, 0, 0, 0, 1.414994, 0, 0, 0, 0, 0, 0, 1.14, 0, 0, 0, 0, 0, 0, 0, 0, 0, 0, 0, None, ]
[0.657626277403, 1.71646390355, 0, 0, 0.1, 0.1, 0, 0, 0, 0, 2.49581603161, 0, 0, 0, 0, 0, 0, 0, 0, 0, 2.82457083381, 0, 0, 0, 0, 0, 0, 0, 0, 0, 0, 0, 0, 2.54560381006, 0, 0, 0, 0, 0, 0, 0, 0, 0, 0, 0, 1.8874832, 0, 0, 0, 0, 0, 0, 1.626, 0, 0, 0, 0, 0, 0, 0, 0, 0, 0, 0, None, ]
[0.763492875378, 1.89437415819, 0, 0, 0.1, 0.1, 0, 0, 0, 0, 2.72866326612, 0, 0, 0, 0, 0, 0, 0, 0, 0, 3.09664867539, 0, 0, 0, 0, 0, 0, 0, 0, 0, 0, 0, 0, 2.87977287422, 0, 0, 0, 0, 0, 0, 0, 0, 0, 0, 0, 2.36131862, 0, 0, 0, 0, 0, 0, 2.0634, 0, 0, 0, 0, 0, 0, 0, 0, 0, 0, 0, None, ]
[0.876562059918, 2.07777578235, 0, 0, 0.1, 0.1, 0, 0, 0, 0, 2.96543084056, 0, 0, 0, 0, 0, 0, 0, 0, 0, 3.37493229755, 0, 0, 0, 0, 0, 0, 0, 0, 0, 0, 0, 0, 3.22790383561, 0, 0, 0, 0, 0, 0, 0, 0, 0, 0, 0, 2.831506124, 0, 0, 0, 0, 0, 0, 2.45706, 0, 0, 0, 0, 0, 0, 0, 0, 0, 0, 0, None, ]
[0.996662654404, 2.26651163387, 0, 0, 0.1, 0.1, 0, 0, 0, 0, 3.20634723694, 0, 0, 0, 0, 0, 0, 0, 0, 0, 3.66019717232, 0, 0, 0, 0, 0, 0, 0, 0, 0, 0, 0, 0, 3.58823574939, 0, 0, 0, 0, 0, 0, 0, 0, 0, 0, 0, 3.294036941, 0, 0, 0, 0, 0, 0, 2.811354, 0, 0, 0, 0, 0, 0, 0, 0, 0, 0, 0, None, ]
[1.12362488723, 2.4604631307, 0, 0, 0.1, 0.1, 0, 0, 0, 0, 3.4516956285, 0, 0, 0, 0, 0, 0, 0, 0, 0, 3.95296514767, 0, 0, 0, 0, 0, 0, 0, 0, 0, 0, 0, 0, 3.95878292818, 0, 0, 0, 0, 0, 0, 0, 0, 0, 0, 0, 3.74574053336, 0, 0, 0, 0, 0, 0, 3.1302186, 0, 0, 0, 0, 0, 0, 0, 0, 0, 0, 0, None, ]
Policy - [0, 4, 0, 0, 0, 0, 0, 0, 3, 1, 1, 0, 0, 0, 0, 0, 0, 0, 0, 0, 5, 0, 0, 0, 0, 0, 0, 0, 0, 0, 0, 0, 0, 1, 0, 0, 0, 0, 0, 0, 0, 0, 0, 0, 0, 2, 0, 0, 0, 0, 0, 0, 4, 0, 7, 0, 0, 0, 0, 0, 0, 0, 0, 0, 6, ]
[1.25728410695, 2.65955186353, 0, 0, 0.1, 0.1, 0, 0, 0, 0, 3.70178305077, 0, 0, 0, 0, 0, 0, 0, 0, 0, 4.25350733789, 0, 0, 0, 0, 0, 0, 0, 0, 0, 0, 0, 0, 4.33744123129, 0, 0, 0, 0, 0, 0, 0, 0, 0, 0, 0, 4.18415703784, 0, 0, 0, 0, 0, 0, 3.41719674, 0, -5.79935, 0, 0, 0, 0, 0, 0, 0, 0, 0, None, ]
[1.39748428709, 2.86373796442, 0, 0, 0.1, 0.1, 0, 0, 0, 0, 3.95691294441, 0, 0, 0, 0, 0, 0, 0, 0, 0, 4.56185735282, 0, 0, 0, 0, 0, 0, 0, 0, 0, 0, 0, 0, 4.72207097038, 0, 0, 0, 0, 0, 0, 0, 0, 0, 0, 0, 4.60742683609, 0, 0, 0, 0, 0, 0, 3.0956000595, 0, -5.79935, 0, 0, 0, 0, 0, 0, 0, 0, 0, None, ]
[1.54408101744, 3.07301589329, 0, 0, 0.1, 0.1, 0, 0, 0, 0, 4.21736176667, 0, 0, 0, 0, 0, 0, 0, 0, 0, 4.87783149386, 0, 0, 0, 0, 0, 0, 0, 0, 0, 0, 0, 0, 5.11056048268, 0, 0, 0, 0, 0, 0, 0, 0, 0, 0, 0, 4.95621320243, 0, 0, 0, 0, 0, 0, 2.80616304705, 0, -5.79935, 0, 0, 0, 0, 0, 0, 0, 0, 0, None, ]
[1.69694377487, 3.28740830701, 0, 0, 0.1, 0.1, 0, 0, 0, 0, 4.48335996108, 0, 0, 0, 0, 0, 0, 0, 0, 0, 5.20105328714, 0, 0, 0, 0, 0, 0, 0, 0, 0, 0, 0, 0, 5.49507619252, 0, 0, 0, 0, 0, 0, 0, 0, 0, 0, 0, 5.24118012526, 0, 0, 0, 0, 0, 0, 2.54566973585, 0, -5.79935, 0, 0, 0, 0, 0, 0, 0, 0, 0, None, ]
[1.855957354, 3.50695863882, 0, 0, 0.1, 0.1, 0, 0, 0, 0, 4.75507728315, 0, 0, 0, 0, 0, 0, 0, 0, 0, 5.53040062692, 0, 0, 0, 0, 0, 0, 0, 0, 0, 0, 0, 0, 5.869634174, 0, 0, 0, 0, 0, 0, 0, 0, 0, 0, 0, 5.47160362962, 0, 0, 0, 0, 0, 0, 2.31122575576, 0, -5.79935, 0, 0, 0, 0, 0, 0, 0, 0, 0, None, ]
[2.02102241289, 3.73172295248, 0, 0, 0.1, 0.1, 0, 0, 0, 0, 5.03255431352, 0, 0, 0, 0, 0, 0, 0, 0, 0, 5.86426528528, 0, 0, 0, 0, 0, 0, 0, 0, 0, 0, 0, 0, 6.22977640352, 0, 0, 0, 0, 0, 0, 0, 0, 0, 0, 0, 5.65554272998, 0, 0, 0, 0, 0, 0, 2.10022617368, 0, -5.79935, 0, 0, 0, 0, 0, 0, 0, 0, 0, None, ]
[2.19205514962, 3.96175576304, 0, 0, 0.1, 0.1, 0, 0, 0, 0, 5.31566676804, 0, 0, 0, 0, 0, 0, 0, 0, 0, 6.20075409934, 0, 0, 0, 0, 0, 0, 0, 0, 0, 0, 0, 0, 6.57229648074, 0, 0, 0, 0, 0, 0, 0, 0, 0, 0, 0, 5.79999007209, 0, 0, 0, 0, 0, 0, 1.91032654982, 0, -5.79935, 0, 0, 0, 0, 0, 0, 0, 0, 0, None, ]
[2.36898559341, 4.19709370687, 0, 0, 0.1, 0.1, 0, 0, 0, 0, 5.60411349363, 0, 0, 0, 0, 0, 0, 0, 0, 0, 6.53784261452, 0, 0, 0, 0, 0, 0, 0, 0, 0, 0, 0, 0, 6.89500783997, 0, 0, 0, 0, 0, 0, 0, 0, 0, 0, 0, 5.91100461659, 0, 0, 0, 0, 0, 0, 1.73941688833, 0, -5.79935, 0, 0, 0, 0, 0, 0, 0, 0, 0, None, ]
[2.55175443382, 4.43773964441, 0, 0, 0.1, 0.1, 0, 0, 0, 0, 5.8974210273, 0, 0, 0, 0, 0, 0, 0, 0, 0, 6.87349018699, 0, 0, 0, 0, 0, 0, 0, 0, 0, 0, 0, 0, 7.19654840759, 0, 0, 0, 0, 0, 0, 0, 0, 0, 0, 0, 5.9938284496, 0, 0, 0, 0, 0, 0, 1.585598193, 0, -11.018765, 0, 0, 0, 0, 0, 0, 0, 0, 0, None, ]
[2.74030857748, 4.68364880849, 0, 0, 0.1, 0.1, 0, 0, 0, 0, 6.19495920836, 0, 0, 0, 0, 0, 0, 0, 0, 0, 7.20572404356, 0, 0, 0, 0, 0, 0, 0, 0, 0, 0, 0, 0, 7.47621647351, 0, 0, 0, 0, 0, 0, 0, 0, 0, 0, 0, 6.05298956796, 0, 0, 0, 0, 0, 0, 0.925272061351, 0, -11.018765, 0, 0, 0, 0, 0, 0, 0, 0, 0, None, ]
Policy - [0, 4, 0, 0, 0, 0, 0, 0, 3, 1, 1, 0, 0, 0, 0, 0, 0, 0, 0, 0, 5, 0, 0, 0, 0, 0, 0, 0, 0, 0, 0, 0, 0, 1, 0, 0, 0, 0, 0, 0, 0, 0, 0, 0, 0, 2, 0, 0, 0, 0, 0, 0, 4, 0, 5, 0, 0, 0, 0, 0, 0, 0, 0, 0, 5, ]
[2.93459576409, 4.93471789889, 0, 0, 0.1, 0.1, 0, 0, 0, 0, 6.49596363464, 0, 0, 0, 0, 0, 0, 0, 0, 0, 7.53269852439, 0, 0, 0, 0, 0, 0, 0, 0, 0, 0, 0, 0, 7.73383325306, 0, 0, 0, 0, 0, 0, 0, 0, 0, 0, 0, 6.04020856458, 0, 0, 0, 0, 0, 0, 0.330978542866, 0, -11.018765, 0, 0, 0, 0, 0, 0, 0, 0, 0, None, ]
[3.13455863039, 5.19077751283, 0, 0, 0.1, 0.1, 0, 0, 0, 0, 6.79956179663, 0, 0, 0, 0, 0, 0, 0, 0, 0, 7.85273465893, 0, 0, 0, 0, 0, 0, 0, 0, 0, 0, 0, 0, 7.96441038212, 0, 0, 0, 0, 0, 0, 0, 0, 0, 0, 0, 5.96928225262, 0, 0, 0, 0, 0, 0, 0, 0, -11.018765, 0, 0, 0, 0, 0, 0, 0, 0, 0, None, ]
[3.34012861086, 5.45158794559, 0, 0, 0.1, 0.1, 0, 0, 0, 0, 7.10480055551, 0, 0, 0, 0, 0, 0, 0, 0, 0, 8.16382258714, 0, 0, 0, 0, 0, 0, 0, 0, 0, 0, 0, 0, 8.16483787635, 0, 0, 0, 0, 0, 0, 0, 0, 0, 0, 0, 5.87235402736, 0, 0, 0, 0, 0, 0, 0, 0, -11.018765, 0, 0, 0, 0, 0, 0, 0, 0, 0, None, ]
[3.55122002845, 5.71683815858, 0, 0, 0.1, 0.1, 0, 0, 0, 0, 7.41062112045, 0, 0, 0, 0, 0, 0, 0, 0, 0, 8.46384246768, 0, 0, 0, 0, 0, 0, 0, 0, 0, 0, 0, 0, 8.33553076791, 0, 0, 0, 0, 0, 0, 0, 0, 0, 0, 0, 5.78511862462, 0, 0, 0, 0, 0, 0, 0.6, 0, -11.018765, 0, 0, 0, 0, 0, 0, 0, 0, 0, None, ]
[3.76772467308, 5.98614234855, 0, 0, 0.1, 0.1, 0, 0, 0, 0, 7.71585861675, 0, 0, 0, 0, 0, 0, 0, 0, 0, 8.7509279424, 0, 0, 0, 0, 0, 0, 0, 0, 0, 0, 0, 0, 8.48043170239, 0, 0, 0, 0, 0, 0, 0, 0, 0, 0, 0, 5.76660076216, 0, 0, 0, 0, 0, 0, 1.14, 0, -11.018765, 0, 0, 0, 0, 0, 0, 0, 0, 0, None, ]
[3.98950657921, 6.25903681679, 0, 0, 0.1, 0.1, 0, 0, 0, 0, 8.01927804004, 0, 0, 0, 0, 0, 0, 0, 0, 0, 9.02379351408, 0, 0, 0, 0, 0, 0, 0, 0, 0, 0, 0, 0, 8.60899094236, 0, 0, 0, 0, 0, 0, 0, 0, 0, 0, 0, 5.80392928594, 0, 0, 0, 0, 0, 0, 1.626, 0, -11.018765, 0, 0, 0, 0, 0, 0, 0, 0, 0, None, ]
[4.2163970126, 6.53498074633, 0, 0, 0.1, 0.1, 0, 0, 0, 0, 8.3196393495, 0, 0, 0, 0, 0, 0, 0, 0, 0, 9.282227167, 0, 0, 0, 0, 0, 0, 0, 0, 0, 0, 0, 0, 8.72842673743, 0, 0, 0, 0, 0, 0, 0, 0, 0, 0, 0, 5.88612009735, 0, 0, 0, 0, 0, 0, 2.0634, 0, -11.018765, 0, 0, 0, 0, 0, 0, 0, 0, 0, None, ]
[4.44819003616, 6.81336341025, 0, 0, 0.1, 0.1, 0, 0, 0, 0, 8.61580530898, 0, 0, 0, 0, 0, 0, 0, 0, 0, 9.52675983978, 0, 0, 0, 0, 0, 0, 0, 0, 0, 0, 0, 0, 8.84413721222, 0, 0, 0, 0, 0, 0, 0, 0, 0, 0, 0, 6.00382745361, 0, 0, 0, 0, 0, 0, 2.45706, 0.7, -11.018765, 0, 0, 0, 0, 0, 0, 0, 0, 0, None, ]
[4.68463923994, 7.09352144207, 0, 0, 0.1, 0.1, 0, 0, 0, 0, 8.90680549446, 0, 0, 0, 0, 0, 0, 0, 0, 0, 9.75840913565, 0, 0, 0, 0, 0, 0, 0, 0, 0, 0, 0, 0, 8.96004619808, 0, 0, 0, 0, 0, 0, 0, 0, 0, 0, 0, 6.14912613765, 0, 0, 0, 0, 0, 0, 2.881347, 1.33, -11.018765, 0, 0.8, 0, 0, 0, 0, 0, 0, 0, None, ]
[4.92545652494, 7.37476077926, 0, 0, 0.1, 0.1, 0, 0, 0, 0, 9.19186827449, 0, 0, 0, 0, 0, 0, 0, 0, 0, 9.97848324143, 0, 0, 0, 0, 0, 0, 0, 0, 0, 0, 0, 0, 9.07889270078, 0, 0, 0, 0, 0, 0, 0, 0, 0, 0, 0, 6.32231941042, 0, 0, 0, 0, 0, 0, 3.326199, 1.976992, -11.018765, 0, 1.52, 0, 0, 0, 0, 0, 0, 0, None, ]
Policy - [0, 4, 0, 0, 0, 0, 0, 0, 3, 1, 1, 0, 0, 0, 0, 0, 0, 0, 0, 0, 5, 0, 0, 0, 0, 0, 0, 0, 0, 0, 0, 0, 0, 1, 0, 0, 0, 0, 0, 0, 0, 0, 0, 0, 0, 2, 0, 0, 0, 0, 0, 0, 3, 4, 4, 0, 4, 2, 0, 0, 0, 0, 0, 0, 7, ]
[5.17031320276, 7.6563796101, 0, 0, 0.1, 0.1, 0, 0, 0, 0, 9.47042998635, 0, 0, 0, 0, 0, 0, 0, 0, 0, 10.1884333984, 0, 0, 0, 0, 0, 0, 0, 0, 0, 0, 0, 0, 9.20317214855, 0, 0, 0, 0, 0, 0, 0, 0, 0, 0, 0, 6.52267410739, 0, 0, 0, 0, 0, 0, 3.79125853008, 2.6312776, -11.018765, 0, 2.168, 0, 0, 0, 0, 0, 0, 0, None, ]
[5.4188432797, 7.93768994342, 0, 0, 0.1, 0.1, 0, 0, 0, 0, 9.74212844323, 0, 0, 0, 0, 0, 0, 0, 0, 0, 10.3898152417, 0, 0, 0, 0, 0, 0, 0, 0, 0, 0, 0, 0, 9.33505711769, 0, 0, 0, 0, 0, 0, 0, 0, 0, 0, 0, 6.74949463707, 0, 0, 0, 0, 0, 0, 4.2752341243, 3.28492816, -11.018765, 0, 2.7512, 0, 0, 0, 0, 0, 0, 0, None, ]
[5.67064856917, 8.21803637212, 0, 0, 0.1, 0.1, 0, 0, 0, 0, 10.0067932249, 0, 0, 0, 0, 0, 0, 0, 0, 0, 10.5842460788, 0, 0, 0, 0, 0, 0, 0, 0, 0, 0, 0, 0, 9.47643337468, 0, 0, 0, 0, 0, 0, 0, 0, 0, 0, 0, 7.00202583345, 0, 0, 0, 0, 0, 0, 4.77617067858, 3.931527832, -11.018765, 0, 3.27608, 0, 0, 0, 0, 0, 0, 0, None, ]
[5.9253051691, 8.49681198947, 0, 0, 0.1, 0.1, 0, 0, 0, 0, 10.2644326678, 0, 0, 0, 0, 0, 0, 0, 0, 0, 10.773370044, 0, 0, 0, 0, 0, 0, 0, 0, 0, 0, 0, 0, 9.6289226003, 0, 0, 0, 0, 0, 0, 0, 0, 0, 0, 0, 7.27939255626, 0, 0, 0, 0, 0, 0, 5.29166707865, 4.565950288, -11.018765, 0, 3.748472, 0.9, 0, 0, 0, 0, 0, 0, None, ]
[6.18237088302, 8.77347141298, 0, 0, 0.1, 0.1, 0, 0, 0, 0, 10.5152186718, 0, 0, 0, 0, 0, 0, 0, 0, 0, 10.9588290104, 0, 0, 0, 0, 0, 0, 0, 0, 0, 0, 0, 0, 9.79389680197, 0, 0, 0, 0, 0, 0, 0, 0, 0, 0, 0, 7.58056709183, 0, 0, 0, 0, 0, 0, 5.81904974008, 5.18416497448, -11.018765, 0, 4.2636158, 1.71, 0, 0, 1.0, 0, 0, 0, None, ]
[6.4413932013, 9.04754098667, 0, 0, 0.1, 0.1, 0, 0, 0, 0, 10.7594701173, 0, 0, 0, 0, 0, 0, 0, 0, 0, 11.1422378506, 0, 0, 0, 0, 0, 0, 0, 0, 0, 0, 0, 0, 9.97248802529, 0, 0, 0, 0, 0, 0, 0, 0, 0, 0, 0, 7.90435716615, 0, 0, 0, 0, 0, 0, 6.35550942187, 5.79206742087, -11.018765, 0, 4.80823712, 2.53899, 0, 0, 1.9, 0, 0, 0, None, ]
[6.70191750443, 9.31862630504, 0, 0, 0.1, 0.1, 0, 0, 0, 0, 10.9976354683, 0, 0, 0, 0, 0, 0, 0, 0, 0, 11.3251631432, 0, 0, 0, 0, 0, 0, 0, 0, 0, 0, 0, 0, 10.1655958958, 0, 0, 0, 0, 0, 0, 0, 0, 0, 0, 0, 8.24940883663, 0, 0, 0, 0, 0, 0, 6.8991073011, 6.39363630842, -11.018765, 0, 5.3812870181, 3.375072, 0, 0, 2.71, 0, 0, 0, None, ]
[6.96349519823, 9.58641724501, 0, 0, 0.1, 0.1, 0, 0, 0, 0, 11.2302749841, 0, 0, 0, 0, 0, 0, 0, 0, 0, 11.5091047625, 0, 0, 0, 0, 0, 0, 0, 0, 0, 0, 0, 0, 10.3738946958, 0, 0, 0, 0, 0, 0, 0, 0, 0, 0, 0, 8.61430969201, 0, 0, 0, 0, 0, 0, 7.44849626547, 6.99234756651, -11.018765, 0, 5.98063176557, 4.2085377, 0, 0, 3.439, 0, 0, 0, None, ]
[7.22569153873, 9.85069071617, 0, 0, 0.1, 0.1, 0, 0, 0, 0, 11.4580428709, 0, 0, 0, 0, 0, 0, 0, 0, 0, 11.6954800169, 0, 0, 0, 0, 0, 0, 0, 0, 0, 0, 0, 0, 10.5978500523, 0, 0, 0, 0, 0, 0, 0, 0, 0, 0, 0, 8.99765386439, 0, 0, 0, 0, 0, 0, 8.00281147209, 7.5911161801, -11.018765, 0, 6.60338027364, 5.03154954, 0, 0, 4.0951, 0, 0, 7.0994, None, ]
[7.48809294957, 10.1113113512, 0, 0, 0.1, 0.1, 0, 0, 0, 0, 11.6816696307, 0, 0, 0, 0, 0, 0, 0, 0, 0, 11.8856110419, 0, 0, 0, 0, 0, 0, 0, 0, 0, 0, 0, 0, 10.837740457, 0, 0, 0, 0, 0, 0, 0, 0, 0, 0, 0, 9.39808959704, 0, 0, 0, 0, 0, 0, 8.56156603173, 8.19227655565, -11.018765, 0, 7.24614688478, 5.837863635, 0, 0, 5.395459006, 0, 0, 13.48886, None, ]
Policy - [0, 4, 0, 0, 0, 0, 0, 0, 3, 1, 1, 0, 0, 0, 0, 0, 0, 0, 0, 0, 5, 0, 0, 0, 0, 0, 0, 0, 0, 0, 0, 0, 0, 1, 0, 0, 0, 0, 0, 0, 0, 0, 0, 0, 0, 2, 0, 0, 0, 0, 0, 0, 3, 4, 4, 0, 4, 5, 0, 0, 7, 0, 0, 5, 6, ]
[7.75031367662, 10.3682303625, 0, 0, 0.1, 0.1, 0, 0, 0, 0, 11.9019449157, 0, 0, 0, 0, 0, 0, 0, 0, 0, 12.080715606, 0, 0, 0, 0, 0, 0, 0, 0, 0, 0, 0, 0, 11.0936813901, 0, 0, 0, 0, 0, 0, 0, 0, 0, 0, 0, 9.81435162485, 0, 0, 0, 0, 0, 0, 9.12455516136, 8.7975911271, -11.018765, 0, 7.90526018116, 6.69356921751, 0, 0, 7.2046642168, 0, 0, 19.239374, None, ]
[8.0120016629, 10.6214827983, 0, 0, 0.1, 0.1, 0, 0, 0, 0, 12.1197011776, 0, 0, 0, 0, 0, 0, 0, 0, 0, 12.2819012476, 0, 0, 0, 0, 0, 0, 0, 0, 0, 0, 0, 0, 11.3656502701, 0, 0, 0, 0, 0, 0, 0, 0, 0, 0, 0, 10.245280733, 0, 0, 0, 0, 0, 0, 9.69177078202, 9.4082789799, -11.018765, 0, 8.58402414911, 7.6446066708, 0, 0, 9.40794280138, 0, 0, 24.4148366, None, ]
[8.27284356162, 10.8711834393, 0, 0, 0.1, 0.1, 0, 0, 0, 0, 12.3357983656, 0, 0, 0, 0, 0, 0, 0, 0, 0, 12.4901624934, 0, 0, 0, 0, 0, 0, 0, 0, 0, 0, 0, 0, 11.6535108635, 0, 0, 0, 0, 0, 0, 0, 0, 0, 0, 0, 10.6898328202, 0, 0, 0, 0, 0, 0, 10.263327519, 10.0257676566, -11.018765, 0, 9.29000595521, 8.72084620443, 0, 0, 11.9083880329, 0, 0, 29.07275294, None, ]
[8.53256883755, 11.1175215739, 0, 0, 0.1, 0.1, 0, 0, 0, 0, 12.5511098767, 0, 0, 0, 0, 0, 0, 0, 0, 0, 12.7063807953, 0, 0, 0, 0, 0, 0, 0, 0, 0, 0, 0, 0, 11.9570361609, 0, 0, 0, 0, 0, 0, 0, 0, 0, 0, 0, 11.1470796568, 0, 0, 0, 0, 0, 0, 10.8394712751, 10.6520985864, -11.018765, 0, 10.0330027717, 9.93948130339, 0, 0, 14.6245337961, 0, 0, 33.264877646, None, ]
[8.79095293597, 11.3607548931, 0, 0, 0.1, 0.1, 0, 0, 0, 0, 12.7665099048, 0, 0, 0, 0, 0, 0, 0, 0, 0, 12.9313267615, 0, 0, 0, 0, 0, 0, 0, 0, 0, 0, 0, 0, 12.2759290397, 0, 0, 0, 0, 0, 0, 0, 0, 0, 0, 0, 11.6162104239, 0, 0, 0, 0, 0, 0, 11.4206274852, 11.2900886749, -11.018765, 0, 10.82355123, 11.3078403073, 0, 0, 17.4882355323, 0, 0, 37.0377898814, None, ]
[9.04781952413, 11.6012027292, 0, 0, 0.1, 0.1, 0, 0, 0, 0, 12.9828622772, 0, 0, 0, 0, 0, 0, 0, 0, 0, 13.16566423, 0, 0, 0, 0, 0, 0, 0, 0, 0, 0, 0, 0, 12.609841016, 0, 0, 0, 0, 0, 0, 0, 0, 0, 0, 0, 12.0965379237, 0, 0, 0, 0, 0, 0, 12.0074607033, 11.9433266949, -11.018765, 0, 11.6718670594, 12.8257049475, 0, 0, 20.4428205893, 0, 0, 40.4334108933, None, ]
[9.30304183261, 11.8392388553, 0, 0, 0.1, 0.1, 0, 0, 0, 0, 13.2010108158, 0, 0, 0, 0, 0, 0, 0, 0, 0, 13.4099558102, 0, 0, 0, 0, 0, 0, 0, 0, 0, 0, 0, 0, 12.9583897414, 0, 0, 0, 0, 0, 0, 0, 0, 0, 0, 0, 12.5875101271, 0, 0, 0, 0, 0, 0, 12.6009278692, 12.6160640127, -11.018765, 0, 12.5871225911, 14.4872120834, 0, 0, 23.4414752856, 0, 0, 43.4894698039, None, ]
[9.55654314249, 12.0752840413, 0, 0, 0.1, 0.1, 0, 0, 0, 0, 13.4217712157, 0, 0, 0, 0, 0, 0, 0, 0, 0, 13.6646696194, 0, 0, 0, 0, 0, 0, 0, 0, 0, 0, 0, 0, 13.3211759048, 0, 0, 0, 0, 0, 0, 0, 0, 0, 0, 0, 13.088725892, 0, 0, 0, 0, 0, 0, 13.2023153229, 13.3130439993, -11.018765, 0, 13.5769866682, 16.2824039889, 0, 0, 26.4458398427, 0, 0, 46.2399228235, None, ]
[9.80829647953, 12.309798541, 0, 0, 0.1, 0.1, 0, 0, 0, 0, 13.6459244094, 0, 0, 0, 0, 0, 0, 0, 0, 0, 13.9301870362, 0, 0, 0, 0, 0, 0, 0, 0, 0, 0, 0, 0, 13.6978000163, 0, 0, 0, 0, 0, 0, 0, 0, 0, 0, 0, 13.599952812, 0, 0, 0, 0, 0, 0, 13.8132550601, 14.0393024963, -11.018765, 0, 14.6473655763, 18.1984831159, 0, 0, 29.4247857416, 0, 0, 48.7153305412, None, ]
[10.0583235877, 12.5432746686, 0, 0, 0.1, 0.1, 0, 0, 0, 0, 13.8742113702, 0, 0, 0, 0, 0, 0, 0, 0, 0, 14.2068113562, 0, 0, 0, 0, 0, 0, 0, 0, 0, 0, 0, 0, 14.0878792963, 0, 0, 0, 0, 0, 0, 0, 0, 0, 0, 0, 14.1211449042, 0, 0, 0, 0, 0, 0, 14.4357194107, 14.7999623306, -11.018765, 0, 15.8022953454, 20.2208191306, 0, 0, 32.3533530682, 0, 0, 50.9431974871, None, ]
Policy - [0, 4, 0, 0, 0, 0, 0, 0, 3, 1, 1, 0, 0, 0, 0, 0, 0, 0, 0, 0, 5, 0, 0, 0, 0, 0, 0, 0, 0, 0, 0, 0, 0, 1, 0, 0, 0, 0, 0, 0, 0, 0, 0, 0, 0, 2, 0, 0, 0, 0, 0, 0, 3, 4, 4, 0, 4, 5, 0, 0, 7, 0, 0, 5, 6, ]
[10.306693263, 12.7762295967, 0, 0, 0.1, 0.1, 0, 0, 0, 0, 14.1073293007, 0, 0, 0, 0, 0, 0, 0, 0, 0, 14.4947772714, 0, 0, 0, 0, 0, 0, 0, 0, 0, 0, 0, 0, 14.4910646457, 0, 0, 0, 0, 0, 0, 0, 0, 0, 0, 0, 14.6524579977, 0, 0, 0, 0, 0, 0, 15.0719957031, 15.6000376092, -11.018765, 0, 17.0439455157, 22.3337489908, 0, 0, 35.2118280781, 0, 0, 52.9482777384, None, ]
[10.5535191341, 13.0091984938, 0, 0, 0.1, 0.1, 0, 0, 0, 0, 14.34592915, 0, 0, 0, 0, 0, 0, 0, 0, 0, 14.7942610982, 0, 0, 0, 0, 0, 0, 0, 0, 0, 0, 0, 0, 14.9070574563, 0, 0, 0, 0, 0, 0, 0, 0, 0, 0, 0, 15.1942610483, 0, 0, 0, 0, 0, 0, 15.7246438933, 15.6000376092, -11.018765, 0, 17.0439455157, 22.3337489908, 0, 0, 35.2118280781, 0, 0, 52.9482777384, None, ]
[10.7989569781, 13.2427281001, 0, 0, 0.1, 0.1, 0, 0, 0, 0, 14.5906144022, 0, 0, 0, 0, 0, 0, 0, 0, 0, 15.1053916634, 0, 0, 0, 0, 0, 0, 0, 0, 0, 0, 0, 0, 15.3356258729, 0, 0, 0, 0, 0, 0, 0, 0, 0, 0, 0, 15.7471420863, 0, 0, 0, 0, 0, 0, 16.3120272645, 16.4442579604, -11.018765, 0, 18.3727025257, 24.5212047813, 0, 0, 37.9849435614, 0, 0, 54.7528499645, None, ]
[11.043201663, 13.4773708242, 0, 0, 0.1, 0.1, 0, 0, 0, 0, 14.8419410744, 0, 0, 0, 0, 0, 0, 0, 0, 0, 15.4282617281, 0, 0, 0, 0, 0, 0, 0, 0, 0, 0, 0, 0, 15.7766200228, 0, 0, 0, 0, 0, 0, 0, 0, 0, 0, 0, 16.3034674839, 0, 0, 0, 0, 0, 0, 16.9250858915, 17.3369186899, -11.018765, 0, 19.7873075392, 26.7671988099, 0, 0, 40.6611866732, 0, 0, 56.3769649681, None, ]
[11.2864838054, 13.7136794298, 0, 0, 0.1, 0.1, 0, 0, 0, 0, 15.1004188572, 0, 0, 0, 0, 0, 0, 0, 0, 0, 15.7629397914, 0, 0, 0, 0, 0, 0, 0, 0, 0, 0, 0, 0, 16.2291417342, 0, 0, 0, 0, 0, 0, 0, 0, 0, 0, 0, 16.8654600738, 0, 0, 0, 0, 0, 0, 17.5660958022, 18.2817597017, -11.018765, 0, 21.2850289943, 29.0561909843, 0, 0, 43.232200733, 0, 0, 57.8386684713, None, ]
[11.5290662311, 13.9522023683, 0, 0, 0.1, 0.1, 0, 0, 0, 0, 15.3665133212, 0, 0, 0, 0, 0, 0, 0, 0, 0, 16.1093976943, 0, 0, 0, 0, 0, 0, 0, 0, 0, 0, 0, 0, 16.6926049136, 0, 0, 0, 0, 0, 0, 0, 0, 0, 0, 0, 17.4353479857, 0, 0, 0, 0, 0, 0, 18.2374793745, 19.2818737807, -11.018765, 0, 22.8618546314, 31.3733596372, 0, 0, 45.6922691202, 0, 0, 59.1542016241, None, ]
[11.7712403228, 14.1934797985, 0, 0, 0.1, 0.1, 0, 0, 0, 0, 15.6406406645, 0, 0, 0, 0, 0, 0, 0, 0, 0, 16.4675514901, 0, 0, 0, 0, 0, 0, 0, 0, 0, 0, 0, 0, 17.1667048673, 0, 0, 0, 0, 0, 0, 0, 0, 0, 0, 0, 18.0153787498, 0, 0, 0, 0, 0, 0, 18.9417259964, 20.3396432472, -11.018765, 0, 24.5126913984, 33.7047936628, 0, 0, 48.0378708286, 0, 0, 60.3381814617, None, ]
[12.0133223355, 14.4380394787, 0, 0, 0.1, 0.1, 0, 0, 0, 0, 15.9231670716, 0, 0, 0, 0, 0, 0, 0, 0, 0, 16.8372951608, 0, 0, 0, 0, 0, 0, 0, 0, 0, 0, 0, 0, 17.6513921018, 0, 0, 0, 0, 0, 0, 0, 0, 0, 0, 0, 18.6078240572, 0, 0, 0, 0, 0, 0, 19.6813143251, 21.4567029354, -11.018765, 0, 26.2315645769, 36.0376210007, 0, 0, 50.2672985101, 0, 0, 61.4037633156, None, ]
[12.2556496695, 14.6863930063, 0, 0, 0.1, 0.1, 0, 0, 0, 0, 16.2144115075, 0, 0, 0, 0, 0, 0, 0, 0, 0, 17.218528341, 0, 0, 0, 0, 0, 0, 0, 0, 0, 0, 0, 0, 18.1468492191, 0, 0, 0, 0, 0, 0, 0, 0, 0, 0, 0, 19.2149762708, 0, 0, 0, 0, 0, 0, 20.4586386191, 22.6339267839, -11.018765, 0, 28.0118098431, 38.3600860786, 0, 0, 52.380330953, 0, 0, 62.362786984, None, ]
[12.4985771392, 14.9390327123, 0, 0, 0.1, 0.1, 0, 0, 0, 0, 16.5146510056, 0, 0, 0, 0, 0, 0, 0, 0, 0, 17.6111789603, 0, 0, 0, 0, 0, 0, 0, 0, 0, 0, 0, 0, 18.6534697745, 0, 0, 0, 0, 0, 0, 0, 0, 0, 0, 0, 19.8391379192, 0, 0, 0, 0, 0, 0, 21.2759410963, 23.8714349717, -11.018765, 0, 29.8462538658, 40.6615867627, 0, 0, 54.3779529282, 0, 0, 63.2259082856, None, ]
Policy - [0, 4, 0, 0, 0, 0, 0, 0, 3, 1, 1, 0, 0, 0, 0, 0, 0, 0, 0, 0, 5, 0, 0, 0, 0, 0, 0, 0, 0, 0, 0, 0, 0, 1, 0, 0, 0, 0, 0, 0, 0, 0, 0, 0, 0, 2, 0, 0, 0, 0, 0, 0, 3, 4, 4, 0, 4, 5, 0, 0, 7, 0, 0, 5, 6, ]
[12.7424733062, 15.1964293951, 0, 0, 0.1, 0.1, 0, 0, 0, 0, 16.8241276893, 0, 0, 0, 0, 0, 0, 0, 0, 0, 18.015221507, 0, 0, 0, 0, 0, 0, 0, 0, 0, 0, 0, 0, 19.1718381976, 0, 0, 0, 0, 0, 0, 0, 0, 0, 0, 0, 20.4826054775, 0, 0, 0, 0, 0, 0, 22.1352517695, 25.1686183986, -11.018765, 0, 31.7273805396, 42.9326795998, 0, 0, 56.2621162049, 0, 0, 64.002717457, None, ]
[12.9877169508, 15.4590309833, 0, 0, 0.1, 0.1, 0, 0, 0, 0, 17.1430569188, 0, 0, 0, 0, 0, 0, 0, 0, 0, 18.4306914577, 0, 0, 0, 0, 0, 0, 0, 0, 0, 0, 0, 0, 19.7027100995, 0, 0, 0, 0, 0, 0, 0, 0, 0, 0, 0, 21.1476487542, 0, 0, 0, 0, 0, 0, 23.0383367462, 26.5241773389, -11.018765, 0, 33.6474811188, 45.1650606391, 0, 0, 58.0355363029, 0, 0, 64.7018457113, None, ]
[13.2346937637, 15.7272621462, 0, 0, 0.1, 0.1, 0, 0, 0, 0, 17.4716360658, 0, 0, 0, 0, 0, 0, 0, 0, 0, 18.8576962948, 0, 0, 0, 0, 0, 0, 0, 0, 0, 0, 0, 0, 20.2469924885, 0, 0, 0, 0, 0, 0, 0, 0, 0, 0, 0, 21.8364871701, 0, 0, 0, 0, 0, 0, 23.9866555637, 27.9361712421, -11.018765, 0, 35.5987874202, 47.3515278501, 0, 0, 59.7015202253, 0, 0, 65.3310611402, None, ]
[13.4837933294, 16.0015248218, 0, 0, 0.1, 0.1, 0, 0, 0, 0, 17.8100535117, 0, 0, 0, 0, 0, 0, 0, 0, 0, 19.2964234442, 0, 0, 0, 0, 0, 0, 0, 0, 0, 0, 0, 0, 20.8057235918, 0, 0, 0, 0, 0, 0, 0, 0, 0, 0, 0, 22.5512641429, 0, 0, 0, 0, 0, 0, 24.9813277698, 29.402076872, -11.018765, 0, 37.5735879479, 49.4859300724, 0, 0, 61.2638210062, 0, 0, 65.8973550262, None, ]
[13.7354064634, 16.2821995903, 0, 0, 0.1, 0.1, 0, 0, 0, 0, 18.1584975408, 0, 0, 0, 0, 0, 0, 0, 0, 0, 19.7471454018, 0, 0, 0, 0, 0, 0, 0, 0, 0, 0, 0, 0, 21.3800521343, 0, 0, 0, 0, 0, 0, 0, 0, 0, 0, 0, 23.2940206923, 0, 0, 0, 0, 0, 0, 26.0231086593, 30.9188522437, -11.018765, 0, 39.5643273011, 51.5631065276, 0, 0, 62.7265154346, 0, 0, 66.4070195236, None, ]
[13.9899229541, 16.5696478004, 0, 0, 0.1, 0.1, 0, 0, 0, 0, 18.5171648554, 0, 0, 0, 0, 0, 0, 0, 0, 0, 20.2102222745, 0, 0, 0, 0, 0, 0, 0, 0, 0, 0, 0, 0, 21.9712160499, 0, 0, 0, 0, 0, 0, 0, 0, 0, 0, 0, 24.0666692579, 0, 0, 0, 0, 0, 0, 27.1123738292, 32.4830041062, -11.018765, 0, 41.5636895927, 53.5788201531, 0, 0, 64.0939017733, 0, 0, 66.8657175712, None, ]
[14.2477297422, 16.8642143342, 0, 0, 0.1, 0.1, 0, 0, 0, 0, 18.8862684951, 0, 0, 0, 0, 0, 0, 0, 0, 0, 20.6861019399, 0, 0, 0, 0, 0, 0, 0, 0, 0, 0, 0, 0, 22.580520704, 0, 0, 0, 0, 0, 0, 0, 0, 0, 0, 0, 24.8709685913, 0, 0, 0, 0, 0, 0, 28.2491120269, 34.0906570179, -11.018765, 0, 43.5646668605, 55.5296873761, 0, 0, 65.3704146959, 0, 0, 67.2785458141, None, ]
[14.5092095593, 17.1662308876, 0, 0, 0.1, 0.1, 0, 0, 0, 0, 19.2660449785, 0, 0, 0, 0, 0, 0, 0, 0, 0, 21.1753180111, 0, 0, 0, 0, 0, 0, 0, 0, 0, 0, 0, 0, 23.209316783, 0, 0, 0, 0, 0, 0, 0, 0, 0, 0, 0, 25.7085004437, 0, 0, 0, 0, 0, 0, 29.4329256194, 35.7376223555, -11.018765, 0, 45.5606136152, 57.413106404, 0, 0, 66.5605550223, 0, 0, 67.6500912327, None, ]
[14.7747400298, 17.4760196363, 0, 0, 0.1, 0.1, 0, 0, 0, 0, 19.6567605286, 0, 0, 0, 0, 0, 0, 0, 0, 0, 21.6784857951, 0, 0, 0, 0, 0, 0, 0, 0, 0, 0, 0, 0, 23.8589780641, 0, 0, 0, 0, 0, 0, 0, 0, 0, 0, 0, 26.580648632, 0, 0, 0, 0, 0, 0, 30.6630379168, 37.4194658754, -11.018765, 0, 47.545288763, 59.2271856603, 0, 0, 67.6688321424, 0, 0, 67.9844821094, None, ]
[15.0446932302, 17.7938971579, 0, 0, 0.1, 0.1, 0, 0, 0, 0, 20.0587162704, 0, 0, 0, 0, 0, 0, 0, 0, 0, 22.1962964322, 0, 0, 0, 0, 0, 0, 0, 0, 0, 0, 0, 0, 24.5308793144, 0, 0, 0, 0, 0, 0, 0, 0, 0, 0, 0, 27.4885809301, 0, 0, 0, 0, 0, 0, 31.938306518, 39.1315727112, -11.018765, 0, 49.5128861809, 60.9706736202, 0, 0, 68.6997172943, 0, 0, 68.2854338985, None, ]
Policy - [0, 4, 0, 0, 0, 0, 0, 0, 3, 1, 1, 0, 0, 0, 0, 0, 0, 0, 0, 0, 5, 0, 0, 0, 0, 0, 0, 0, 0, 0, 0, 0, 0, 1, 0, 0, 0, 0, 0, 0, 0, 0, 0, 0, 0, 2, 0, 0, 0, 0, 0, 0, 3, 4, 4, 0, 4, 5, 0, 0, 7, 0, 0, 5, 6, ]
[15.319435684, 18.120178482, 0, 0, 0.1, 0.1, 0, 0, 0, 0, 20.4722523236, 0, 0, 0, 0, 0, 0, 0, 0, 0, 22.7295094116, 0, 0, 0, 0, 0, 0, 0, 0, 0, 0, 0, 0, 25.2263745902, 0, 0, 0, 0, 0, 0, 0, 0, 0, 0, 0, 28.4332341059, 0, 0, 0, 0, 0, 0, 33.2572418216, 40.8692089293, -11.018765, 0, 51.4580552181, 62.6428909904, 0, 0, 69.6576061004, 0, 0, 68.5562905086, None, ]
[15.599328762, 18.4551811436, 0, 0, 0.1, 0.1, 0, 0, 0, 0, 20.8977507373, 0, 0, 0, 0, 0, 0, 0, 0, 0, 23.2789436657, 0, 0, 0, 0, 0, 0, 0, 0, 0, 0, 0, 0, 25.9467762094, 0, 0, 0, 0, 0, 0, 0, 0, 0, 0, 0, 29.415302305, 0, 0, 0, 0, 0, 0, 34.6180298403, 42.6275789777, -11.018765, 0, 53.3759123664, 64.2436659253, 0, 0, 70.5467889783, 0, 0, 68.8000614578, None, ]
[15.8847294484, 18.7992291255, 0, 0, 0.1, 0.1, 0, 0, 0, 0, 21.3356372407, 0, 0, 0, 0, 0, 0, 0, 0, 0, 23.8454674523, 0, 0, 0, 0, 0, 0, 0, 0, 0, 0, 0, 0, 26.6933346659, 0, 0, 0, 0, 0, 0, 0, 0, 0, 0, 0, 30.4352288782, 0, 0, 0, 0, 0, 0, 36.0185584782, 44.4018785574, -11.018765, 0, 55.2620452856, 65.7732727627, 0, 0, 71.3714282256, 0, 0, 69.019455312, None, ]
[16.1759914238, 19.1526565806, 0, 0, 0.1, 0.1, 0, 0, 0, 0, 21.7863818072, 0, 0, 0, 0, 0, 0, 0, 0, 0, 24.4299872404, 0, 0, 0, 0, 0, 0, 0, 0, 0, 0, 0, 0, 27.4672197349, 0, 0, 0, 0, 0, 0, 0, 0, 0, 0, 0, 31.4932016527, 0, 0, 0, 0, 0, 0, 37.4564464674, 46.1873426098, -11.018765, 0, 57.1125103006, 67.2323745947, 0, 0, 72.1355407397, 0, 0, 69.2169097808, None, ]
[16.4734664129, 19.5158112395, 0, 0, 0.1, 0.1, 0, 0, 0, 0, 22.2504980507, 0, 0, 0, 0, 0, 0, 0, 0, 0, 25.0334358176, 0, 0, 0, 0, 0, 0, 0, 0, 0, 0, 0, 0, 28.2695029946, 0, 0, 0, 0, 0, 0, 0, 0, 0, 0, 0, 32.5891515697, 0, 0, 0, 0, 0, 0, 38.9290742082, 47.9792882538, -11.018765, 0, 58.9238244063, 68.6219698538, 0, 0, 72.8429854747, 0, 0, 69.3946188027, None, ]
[16.7775057375, 19.8890574156, 0, 0, 0.1, 0.1, 0, 0, 0, 0, 22.728541493, 0, 0, 0, 0, 0, 0, 0, 0, 0, 25.6567598403, 0, 0, 0, 0, 0, 0, 0, 0, 0, 0, 0, 0, 29.1011419606, 0, 0, 0, 0, 0, 0, 0, 0, 0, 0, 0, 33.7227545428, 0, 0, 0, 0, 0, 0, 40.4336158199, 49.7731526308, -11.018765, 0, 60.6929527313, 69.9433429861, 0, 0, 73.4974548613, 0, 0, 69.5545569224, None, ]
[17.0884620147, 20.2727785379, 0, 0, 0.1, 0.1, 0, 0, 0, 0, 23.2211067601, 0, 0, 0, 0, 0, 0, 0, 0, 0, 26.3009070409, 0, 0, 0, 0, 0, 0, 0, 0, 0, 0, 0, 0, 29.9629659913, 0, 0, 0, 0, 0, 0, 0, 0, 0, 0, 0, 34.8934363343, 0, 0, 0, 0, 0, 0, 41.9670717694, 51.5645257113, -11.018765, 0, 62.4172923234, 71.198019199, 0, 0, 74.1024695219, 0, 0, 69.6985012302, None, ]
[17.4066909392, 20.6673791491, 0, 0, 0.1, 0.1, 0, 0, 0, 0, 23.7288237791, 0, 0, 0, 0, 0, 0, 0, 0, 0, 26.9668133063, 0, 0, 0, 0, 0, 0, 0, 0, 0, 0, 0, 0, 30.8556640912, 0, 0, 0, 0, 0, 0, 0, 0, 0, 0, 0, 36.1003802071, 0, 0, 0, 0, 0, 0, 43.5263015183, 53.3491781996, -11.018765, 0, 64.0946530308, 72.3877232066, 0, 0, 74.6613757077, 0, 0, 69.8280511072, None, ]
[17.7325530864, 21.0732863239, 0, 0, 0.1, 0.1, 0, 0, 0, 0, 24.2523530637, 0, 0, 0, 0, 0, 0, 0, 0, 0, 27.6553898281, 0, 0, 0, 0, 0, 0, 0, 0, 0, 0, 0, 0, 31.779774699, 0, 0, 0, 0, 0, 0, 0, 0, 0, 0, 0, 37.3425370752, 0, 0, 0, 0, 0, 0, 45.1080556947, 55.1230847362, -11.018765, 0, 65.7232361711, 73.514341843, 0, 0, 75.1773449671, 0, 0, 69.9446459965, None, ]
[18.0664156773, 21.4909504743, 0, 0, 0.1, 0.1, 0, 0, 0, 0, 24.7923801863, 0, 0, 0, 0, 0, 0, 0, 0, 0, 28.3675105175, 0, 0, 0, 0, 0, 0, 0, 0, 0, 0, 0, 0, 32.7356775113, 0, 0, 0, 0, 0, 0, 0, 0, 0, 0, 0, 38.6186378566, 0, 0, 0, 0, 0, 0, 46.709007368, 56.8824426473, -11.018765, 0, 67.3016115949, 74.5798903819, 0, 0, 75.6533756236, 0, 0, 70.0495813968, None, ]
Policy - [0, 4, 0, 0, 0, 0, 0, 0, 3, 1, 1, 0, 0, 0, 0, 0, 0, 0, 0, 0, 5, 0, 0, 0, 0, 0, 0, 0, 0, 0, 0, 0, 0, 1, 0, 0, 0, 0, 0, 0, 0, 0, 0, 0, 0, 2, 0, 0, 0, 0, 0, 0, 3, 4, 4, 0, 4, 5, 0, 0, 7, 0, 0, 5, 6, ]
[18.4086542475, 21.9208455217, 0, 0, 0.1, 0.1, 0, 0, 0, 0, 25.3496095443, 0, 0, 0, 0, 0, 0, 0, 0, 0, 29.1039998601, 0, 0, 0, 0, 0, 0, 0, 0, 0, 0, 0, 0, 33.7235873594, 0, 0, 0, 0, 0, 0, 0, 0, 0, 0, 0, 39.9272077177, 0, 0, 0, 0, 0, 0, 48.3257820715, 58.6236865259, -11.018765, 0, 68.8286936747, 75.5864823724, 0, 0, 76.0922957051, 0, 0, 70.1440232571, None, ]
[18.7596541665, 22.3634684279, 0, 0, 0.1, 0.1, 0, 0, 0, 0, 25.9247575359, 0, 0, 0, 0, 0, 0, 0, 0, 0, 29.8656213741, 0, 0, 0, 0, 0, 0, 0, 0, 0, 0, 0, 0, 34.7435501232, 0, 0, 0, 0, 0, 0, 0, 0, 0, 0, 0, 41.2665818952, 0, 0, 0, 0, 0, 0, 49.9549862801, 60.3434989539, -11.018765, 0, 70.3037166796, 76.5363027827, 0, 0, 76.4967670201, 0, 0, 70.2290209314, None, ]
[19.1198119579, 22.8193380911, 0, 0, 0.1, 0.1, 0, 0, 0, 0, 26.5185452635, 0, 0, 0, 0, 0, 0, 0, 0, 0, 30.6530668135, 0, 0, 0, 0, 0, 0, 0, 0, 0, 0, 0, 0, 35.7954406346, 0, 0, 0, 0, 0, 0, 0, 0, 0, 0, 0, 42.6349227839, 0, 0, 0, 0, 0, 0, 51.5932341125, 62.0388176893, -11.018765, 0, 71.7262099269, 77.4315842387, 0, 0, 76.869290121, 0, 0, 70.3055188383, None, ]
[19.4895363779, 23.2889936229, 0, 0, 0.1, 0.1, 0, 0, 0, 0, 27.1316908878, 0, 0, 0, 0, 0, 0, 0, 0, 0, 31.4669462412, 0, 0, 0, 0, 0, 0, 0, 0, 0, 0, 0, 0, 36.8789625003, 0, 0, 0, 0, 0, 0, 0, 0, 0, 0, 0, 44.0302379844, 0, 0, 0, 0, 0, 0, 53.237172082, 63.706839651, -11.018765, 0, 73.0959730422, 78.2745861341, 0, 0, 77.2122099375, 0, 0, 70.3743669544, None, ]
[19.8692492124, 23.7729920325, 0, 0, 0.1, 0.1, 0, 0, 0, 0, 27.7649017537, 0, 0, 0, 0, 0, 0, 0, 0, 0, 32.3077790775, 0, 0, 0, 0, 0, 0, 0, 0, 0, 0, 0, 0, 37.9936497463, 0, 0, 0, 0, 0, 0, 0, 0, 0, 0, 0, 45.4503990224, 0, 0, 0, 0, 0, 0, 54.8835017705, 65.3450220304, -11.018765, 0, 74.4130516056, 79.0675763923, 0, 0, 77.5277218956, 0, 0, 70.436330259, None, ]
[20.2593857645, 24.2719053556, 0, 0, 0.1, 0.1, 0, 0, 0, 0, 28.4188664083, 0, 0, 0, 0, 0, 0, 0, 0, 0, 33.1759862079, 0, 0, 0, 0, 0, 0, 0, 0, 0, 0, 0, 0, 39.1388701699, 0, 0, 0, 0, 0, 0, 0, 0, 0, 0, 0, 46.8931604622, 0, 0, 0, 0, 0, 0, 56.5290003462, 66.9510808574, -11.018765, 0, 75.6777134085, 79.8128156654, 0, 0, 77.8178783686, 0, 0, 70.4920972331, None, ]
[20.6603950046, 24.7863172722, 0, 0, 0.1, 0.1, 0, 0, 0, 0, 29.0942466284, 0, 0, 0, 0, 0, 0, 0, 0, 0, 34.0718832154, 0, 0, 0, 0, 0, 0, 0, 0, 0, 0, 0, 0, 40.3138302675, 0, 0, 0, 0, 0, 0, 0, 0, 0, 0, 0, 48.3561791606, 0, 0, 0, 0, 0, 0, 58.1705388865, 68.5229873353, -11.018765, 0, 76.890425506, 80.512543757, 0, 0, 78.0845953341, 0, 0, 70.5422875098, None, ]
[21.0727393682, 25.3168192653, 0, 0, 0.1, 0.1, 0, 0, 0, 0, 29.7916695682, 0, 0, 0, 0, 0, 0, 0, 0, 0, 34.9956747823, 0, 0, 0, 0, 0, 0, 0, 0, 0, 0, 0, 0, 41.517581595, 0, 0, 0, 0, 0, 0, 0, 0, 0, 0, 0, 49.8370334278, 0, 0, 0, 0, 0, 0, 59.8050985016, 70.0589622481, -11.018765, 0, 78.0518322057, 81.1689680687, 0, 0, 78.3296591288, 0, 0, 70.5874587588, None, ]
[21.4968941897, 25.8640063789, 0, 0, 0.1, 0.1, 0, 0, 0, 0, 30.5117201329, 0, 0, 0, 0, 0, 0, 0, 0, 0, 35.9474502878, 0, 0, 0, 0, 0, 0, 0, 0, 0, 0, 0, 0, 42.749028408, 0, 0, 0, 0, 0, 0, 0, 0, 0, 0, 0, 51.3332418842, 0, 0, 0, 0, 0, 0, 61.4297842866, 71.5574687256, -11.018765, 0, 79.1627341023, 81.7842538781, 0, 0, 78.5547332172, 0, 0, 70.6281128829, None, ]
[21.9333467685, 26.4284726371, 0, 0, 0.1, 0.1, 0, 0, 0, 0, 31.2549336739, 0, 0, 0, 0, 0, 0, 0, 0, 0, 36.9271806095, 0, 0, 0, 0, 0, 0, 0, 0, 0, 0, 0, 0, 44.0069364232, 0, 0, 0, 0, 0, 0, 0, 0, 0, 0, 0, 52.8422818266, 0, 0, 0, 0, 0, 0, 63.0418371558, 73.0172036359, -11.018765, 0, 80.2240682373, 82.3605162647, 0, 0, 78.7613649026, 0, 0, 70.6647015946, None, ]
Policy - [0, 4, 0, 0, 0, 0, 0, 0, 3, 1, 1, 0, 0, 0, 0, 0, 0, 0, 0, 0, 5, 0, 0, 0, 0, 0, 0, 0, 0, 0, 0, 0, 0, 1, 0, 0, 0, 0, 0, 0, 0, 0, 0, 0, 0, 2, 0, 0, 0, 0, 0, 0, 3, 4, 4, 0, 4, 5, 0, 0, 7, 0, 0, 5, 6, ]
