[0, 0, 0, 0, 0, 0, 0, 0, 0, 0, 0, 0, 0, 0, 0, 0, 0, 0, 0, 0, 0, 0, 0, 0, 0, 0, 0, 0, 0, 0, 0, 0, 0, 0, 0, 0, 0, 0, 0, 0, 0, 0, 0, 0, 0, 0, 0, 0, 0, 0, 0, 0, 0, 0, 0, 0, 0, 0, 0, 0, 0, 0, 0, 0, 0, ]
[0.0, 0, 0, 0, 0, 0, 0, 0, 0, 0, 0, 0, 0, 0, 0, 0, 0, 0, 0, 0, 0, 0, 0, 0, 0, 0, 0, 0, 0, 0, 0, 0, 0, 0, 0, 0, 0, 0, 0, 0, 0, 0, 0, 0, 0, 0, 0, 0, 0, 0, 0, 0, 0, 0, 0, 0, 0, 0, 0, 0, 0, 0, 0, 0, None, ]
[0.0, 0, 0, 0, 0, 0, 0, 0, 0, 0, 0, 0, 0, 0, 0, 0, 0, 0, 0, 0, 0, 0, 0, 0, 0, 0, 0, 0, 0, 0, 0, 0, 0, 0, 0, 0, 0, 0, 0, 0, 0, 0, 0, 0, 0, 0, 0, 0, 0, 0, 0, 0, 0, 0, 0, 0, 0, 0, 0, 0, 0, 0, 0, 0, None, ]
[0.0, 0, 0, 0, 0, 0, 0, 0, 0, 0, 0, 0, 0, 0, 0, 0, 0, 0, 0, 0, 0, 0, 0, 0, 0, 0, 0, 0, 0, 0, 0, 0, 0, 0, 0, 0, 0, 0, 0, 0, 0, 0, 0, 0, 0, 0, 0, 0, 0, 0, 0, 0, 0, 0, 0, 0, 0, 0, 0, 0, 0, 0, 0, 0, None, ]
[0.0, 0, 0, 0, 0.1, 0, 0, 0, 0, 0, 0, 0, 0, 0, 0, 0, 0, 0, 0, 0, 0, 0, 0, 0, 0, 0, 0, 0, 0, 0, 0, 0, 0, 0, 0, 0, 0, 0, 0, 0, 0, 0, 0, 0, 0, 0, 0, 0, 0, 0, 0, 0, 0, 0, 0, 0, 0, 0, 0, 0, 0, 0, 0, 0, None, ]
[0.0, 0.1, 0, 0, 0.1, 0, 0, 0, 0.2, 0, 0, 0, 0, 0, 0, 0, 0, 0, 0, 0, 0, 0, 0, 0, 0, 0, 0, 0, 0, 0, 0, 0, 0, 0, 0, 0, 0, 0, 0, 0, 0, 0, 0, 0, 0, 0, 0, 0, 0, 0, 0, 0, 0, 0, 0, 0, 0, 0, 0, 0, 0, 0, 0, 0, None, ]
[0.0, 0.1, 0, 0, 0.1, 0.1, 0, 0, 0.2, 0, 0, 0, 0, 0, 0, 0, 0, 0, 0, 0, 0, 0, 0, 0, 0, 0, 0, 0, 0, 0, 0, 0, 0, 0, 0, 0, 0, 0, 0, 0, 0, 0, 0, 0, 0, 0, 0, 0, 0, 0, 0, 0, 0, 0, 0, 0, 0, 0, 0, 0, 0, 0, 0, 0, None, ]
[0.009999, 0.209998, 0, 0, 0.1, 0.1, 0, 0, 0.38, 0, 0, 0, 0, 0, 0, 0, 0, 0, 0, 0, 0, 0.3, 0, 0, 0, 0, 0, 0, 0, 0, 0, 0, 0, 0, 0, 0, 0, 0, 0, 0, 0, 0, 0, 0, 0, 0, 0, 0, 0, 0, 0, 0, 0, 0, 0, 0, 0, 0, 0, 0, 0, 0, 0, 0, None, ]
[0.02999680002, 0.3269944, 0, 0, 0.1, 0.1, 0, 0, 0.571997, 0, 0, 0, 0, 0, 0, 0, 0, 0, 0, 0, 0, 0.57, 0, 0, 0, 0, 0, 0, 0, 0, 0, 0, 0, 0, 0, 0, 0, 0, 0, 0, 0, 0, 0, 0, 0, 0, 0, 0, 0, 0, 0, 0, 0, 0, 0, 0, 0, 0, 0, 0, 0, 0, 0, 0, None, ]
[0.059693290074, 0.45148894003, 0, 0, 0.1, 0.1, 0, 0, 0.7717916, 0, 0, 0, 0, 0, 0, 0, 0, 0, 0, 0, 0, 0.813, 0, 0, 0, 0, 0, 0, 0, 0, 0, 0, 0, 0, 0.4, 0, 0, 0, 0, 0, 0, 0, 0, 0, 0, 0, 0, 0, 0, 0, 0, 0, 0, 0, 0, 0, 0, 0, 0, 0, 0, 0, 0, 0, None, ]
[0.0988683401802, 0.583511488111, 0, 0, 0.1, 0.1, 0, 0, 0.97590431, 0, 0, 0, 0, 0, 0, 0, 0, 0, 0, 0, 0, 1.071696, 0, 0, 0, 0, 0, 0, 0, 0, 0, 0, 0, 0, 0.76, 0, 0, 0, 0, 0, 0, 0, 0, 0, 0, 0, 0, 0, 0, 0, 0, 0, 0, 0, 0, 0, 0, 0, 0, 0, 0, 0, 0, 0, None, ]
Policy - [0, 2, 0, 0, 0, 0, 0, 0, 3, 1, 0, 0, 0, 0, 0, 0, 0, 0, 0, 0, 0, 3, 0, 0, 0, 0, 0, 0, 0, 0, 0, 0, 0, 0, 1, 0, 0, 0, 0, 0, 0, 0, 0, 2, 0, 0, 0, 2, 0, 0, 0, 0, 0, 0, 0, 0, 0, 0, 0, 0, 0, 0, 0, 0, 0, ]
[0.147326819858, 0.722741011257, 0, 0, 0.1, 0.1, 0, 0, 1.18547276204, 0, 0, 0, 0, 0, 0, 0, 0, 0, 0, 0, 0, 1.3405188, 0, 0, 0, 0, 0, 0, 0, 0, 0, 0, 0, 0, 1.084, 0, 0, 0, 0, 0, 0, 0, 0, 0, 0, 0, 0, 0, 0, 0, 0, 0, 0, 0, 0, 0, 0, 0, 0, 0, 0, 0, 0, 0, None, ]
[0.204861011588, 0.869002331607, 0, 0, 0.1, 0.1, 0, 0, 1.40096396065, 0, 0, 0, 0, 0, 0, 0, 0, 0, 0, 0, 0, 1.61485608, 0, 0, 0, 0, 0, 0, 0, 0, 0, 0, 0, 0, 1.3756, 0, 0, 0, 0, 0, 0, 0, 0, 0.5, 0, 0, 0, 0, 0, 0, 0, 0, 0, 0, 0, 0, 0, 0, 0, 0, 0, 0, 0, 0, None, ]
[0.271266453567, 1.02218448487, 0, 0, 0.1, 0.1, 0, 0, 1.62233702402, 0, 0, 0, 0, 0, 0, 0, 0, 0, 0, 0, 0, 1.890916716, 0, 0, 0, 0, 0, 0, 0, 0, 0, 0, 0, 0, 1.688035, 0, 0, 0, 0, 0, 0, 0, 0, 0.95, 0, 0, 0, 0, 0, 0, 0, 0, 0, 0, 0, 0, 0, 0, 0, 0, 0, 0, 0, 0, None, ]
[0.346348034852, 1.18218351542, 0, 0, 0.1, 0.1, 0, 0, 1.84917608405, 0, 0, 0, 0, 0, 0, 0, 0, 0, 0, 0, 0, 2.17061166405, 0, 0, 0, 0, 0, 0, 0, 0, 0, 0, 0, 0, 2.014222, 0, 0, 0, 0, 0, 0, 0, 0, 1.355, 0, 0, 0, 0, 0, 0, 0, 0, 0, 0, 0, 0, 0, 0, 0, 0, 0, 0, 0, 0, None, ]
[0.429919761074, 1.34886428052, 0, 0, 0.1, 0.1, 0, 0, 2.08129793594, 0, 0, 0, 0, 0, 0, 0, 0, 0, 0, 0, 0, 2.45495255542, 0, 0, 0, 0, 0, 0, 0, 0, 0, 0, 0, 0, 2.34828625, 0, 0, 0, 0, 0, 0, 0, 0, 1.7195, 0, 0, 0, 0, 0, 0, 0, 0, 0.6, 0, 0, 0, 0, 0, 0, 0, 0, 0, 0, 0, None, ]
[0.521800724375, 1.52208683308, 0, 0, 0.1, 0.1, 0, 0, 2.31863884836, 0, 0, 0, 0, 0, 0, 0, 0, 0, 0, 0, 0, 2.74426244202, 0, 0, 0, 0, 0, 0, 0, 0, 0, 0, 0, 0, 2.68539043, 0, 0, 0, 0, 0, 0, 0, 0, 2.107544, 0, 0, 0, 0, 0, 0, 0, 0, 1.14, 0, 0, 0, 0, 0, 0, 0, 0, 0, 0, 0, None, ]
[0.621814114378, 1.70171884822, 0, 0, 0.1, 0.1, 0, 0, 2.5611737651, 0, 0, 0, 0, 0, 0, 0, 0, 0, 0, 0, 0, 3.03834838691, 0, 0, 0, 0, 0, 0, 0, 0, 0, 0, 0, 0, 3.02758471156, 0, 0, 0, 0, 0, 0, 0, 0, 2.5107782, 0, 0, 0, 0, 0, 0, 0, 0, 1.626, 0, 0, 0, 0, 0, 0, 0, 0, 0, 0, 0, None, ]
[0.729787570574, 1.88763872817, 0, 0, 0.1, 0.1, 0, 0, 2.8088608438, 0, 0, 0, 0, 0, 0, 0, 0, 0, 0, 0, 0, 3.33724174353, 0, 0, 0, 0, 0, 0, 0, 0, 0, 0, 0, 0, 3.37587895262, 0, 0, 0, 0, 0, 0, 0, 0, 2.92228412, 0, 0, 0, 0, 0, 0, 0, 0, 2.0634, 0, 0, 0, 0, 0, 0, 0, 0, 0, 0, 0, None, ]
[0.845553809946, 2.07973285113, 0, 0, 0.1, 0.1, 0, 0, 3.06166556135, 0, 0, 0, 0, 0, 0, 0, 0, 0, 0, 0, 0, 3.64107170565, 0, 0, 0, 0, 0, 0, 0, 0, 0, 0, 0, 0, 3.73049024652, 0, 0, 0, 0, 0, 0, 0, 0, 3.336375074, 0, 0, 0, 0, 0, 0, 0, 0, 2.45706, 0, 0, 0, 0, 0, 0, 0, 0, 0, 0, 0, None, ]
[0.968950916736, 2.27789550549, 0, 0, 0.1, 0.1, 0, 0, 3.31956976507, 0, 0, 0, 0, 0, 0, 0, 0, 0, 0, 0, 0, 3.94997625484, 0, 0, 0, 0, 0, 0, 0, 0, 0, 0, 0, 0, 4.09104536552, 0, 0, 0, 0, 0, 0, 0, 0, 3.748418996, 0, 0, 0, 0, 0, 0, 0, 0, 2.811354, 0, 0, 0, 0, 0, 0, 0, 0, 0, 0, 0, None, ]
Policy - [0, 2, 0, 0, 0, 0, 0, 0, 3, 1, 0, 0, 0, 0, 0, 0, 0, 0, 0, 0, 0, 3, 0, 0, 0, 0, 0, 0, 0, 0, 0, 0, 0, 0, 1, 0, 0, 0, 0, 0, 0, 0, 0, 3, 0, 0, 0, 2, 0, 0, 0, 0, 5, 0, 0, 2, 0, 0, 0, 0, 0, 0, 0, 0, 5, ]
[1.09982259666, 2.48202973575, 0, 0, 0.1, 0.1, 0, 0, 3.58257091428, 0, 0, 0, 0, 0, 0, 0, 0, 0, 0, 0, 0, 4.26404225545, 0, 0, 0, 0, 0, 0, 0, 0, 0, 0, 0, 0, 4.45674524437, 0, 0, 0, 0, 0, 0, 0, 0, 4.15468438286, 0, 0, 0, 0, 0, 0, 0, 0, 3.1302186, 0, 0, 0, 0, 0, 0, 0, 0, 0, 0, 0, None, ]
[1.23801849027, 2.6920480279, 0, 0, 0.1, 0.1, 0, 0, 3.85067540798, 0, 0, 0, 0, 0, 0, 0, 0, 0, 0, 0, 0, 4.58326798689, 0, 0, 0, 0, 0, 0, 0, 0, 0, 0, 0, 0, 4.82649761138, 0, 0, 0, 0, 0, 0, 0, 0, 4.55220650239, 0, 0, 0, 0, 0, 0, 0, 0, 3.41719674, 0, 0, 0.7, 0, 0, 0, 0, 0, 0, 0, 0, None, ]
[1.38339452355, 2.90787225915, 0, 0, 0.1, 0.1, 0, 0, 4.12388883319, 0, 0, 0, 0, 0, 0, 0, 0, 0, 0, 0, 0, 4.90754268436, 0, 0, 0, 0, 0, 0, 0, 0, 0, 0, 0, 0, 5.19902297842, 0, 0, 0, 0, 0, 0, 0, 0, 4.93867135418, 0, 0, 0, 0, 0, 0, 0, 0, 3.745470066, 0, 0, 1.33, 0.8, 0, 0, 0, 0, 0, 0, 0, None, ]
[1.53581321839, 3.12943267767, 0, 0, 0.1, 0.1, 0, 0, 4.40220514288, 0, 0, 0, 0, 0, 0, 0, 0, 0, 0, 0, 0, 5.23663872354, 0, 0, 0, 0, 0, 0, 0, 0, 0, 0, 0, 0, 5.57293842928, 0, 0, 0, 0, 0, 0, 0, 0, 5.31931377066, 0, 0, 0, 0, 0, 0, 0, 0, 4.1039097594, 0, 0, 1.976992, 1.52, 0, 0, 0, 0, 0, 0, 0, None, ]
[1.69514386999, 3.35666590214, 0, 0, 0.1, 0.1, 0, 0, 4.68559613456, 0, 0, 0, 0, 0, 0, 0, 0, 0, 0, 0, 0, 5.57021296473, 0, 0, 0, 0, 0, 0, 0, 0, 0, 0, 0, 0, 5.94752277028, 0, 0, 0, 0, 0, 0, 0, 0, 5.69773233044, 0, 0, 0, 0, 0, 0, 0, 0, 4.49119821354, 0, 0, 2.6312776, 2.168, 0, 0, 0, 0, 0, 0, 0, None, ]
[1.86126250654, 3.58951206942, 0, 0, 0.1, 0.1, 0, 0, 4.97400211544, 0, 0, 0, 0, 0, 0, 0, 0, 0, 0, 0, 0, 5.90788447006, 0, 0, 0, 0, 0, 0, 0, 0, 0, 0, 0, 0, 6.32248674897, 0, 0, 0, 0, 0, 0, 0, 0, 6.07703400677, 0, 0, 0, 0, 0, 0, 0, 0, 4.90517983941, 0, 0, 3.28492816, 2.7512, 0.9, 0, 0, 0, 0, 0, 0, None, ]
[2.03405156771, 3.827911334, 0, 0, 0.1, 0.1, 0, 0, 5.26733127206, 0, 0, 0, 0, 0, 0, 0, 0, 0, 0, 0, 0, 6.24928147308, 0, 0, 0, 0, 0, 0, 0, 0, 0, 0, 0, 0, 6.69788070441, 0, 0, 0, 0, 0, 0, 0, 0, 6.45979953823, 0, 0, 0, 0, 0, 0, 0, 0, 5.34312182219, 0, 0, 3.931527832, 3.366071, 1.71, 0, 0, 1.0, 0, 0, 0, None, ]
[2.21339926523, 4.07180065449, 0, 0, 0.1, 0.1, 0, 0, 5.56546379935, 0, 0, 0, 0, 0, 0, 0, 0, 0, 0, 0, 0, 6.59407441741, 0, 0, 0, 0, 0, 0, 0, 0, 0, 0, 0, 0, 7.0740079898, 0, 0, 0, 0, 0, 0, 0, 0, 6.84807833541, 0, 0, 0, 0, 0, 0, 0, 0, 5.80192310789, 0, 0, 4.57494848809, 4.0004468, 2.53899, 0, 0, 1.9, 0, 0, 0, None, ]
[2.39919868615, 4.32111131434, 0, 0, 0.1, 0.1, 0, 0, 5.86825892041, 0, 0, 0, 0, 0, 0, 0, 0, 0, 0, 0, 0, 6.94199703456, 0, 0, 0, 0, 0, 0, 0, 0, 0, 0, 0, 0, 7.45134654358, 0, 0, 0, 0, 0, 0, 0, 0, 7.24340479343, 0, 0, 0, 0, 0, 0, 0, 0, 6.27917989643, 0, 0, 5.21745831481, 4.6542757301, 3.375072, 0, 0, 2.71, 0, 0, 0, None, ]
[2.59134673785, 4.57576739236, 0, 0, 0.1, 0.1, 0, 0, 6.17556331185, 0, 0, 0, 0, 0, 0, 0, 0, 0, 0, 0, 0, 7.292857472, 0, 0, 0, 0, 0, 0, 0, 0, 0, 0, 0, 0, 7.83047993451, 0, 0, 0, 0, 0, 0, 0, 0, 7.64691951193, 0, 0, 0, 0, 0, 0, 0, 0, 6.77295556368, 0, 0, 5.86109351358, 5.32632160637, 4.2085377, 0, 0, 3.439, 0, 0, 0, None, ]
Policy - [0, 2, 0, 0, 0, 0, 0, 0, 3, 1, 0, 0, 0, 0, 0, 0, 0, 0, 0, 0, 0, 3, 0, 0, 0, 0, 0, 0, 0, 0, 0, 0, 0, 0, 1, 0, 0, 0, 0, 0, 0, 0, 0, 3, 0, 0, 0, 2, 0, 0, 0, 0, 5, 0, 0, 3, 4, 5, 0, 0, 6, 0, 6, 0, 1, ]
[2.78974304563, 4.83568522867, 0, 0, 0.1, 0.1, 0, 0, 6.48721979929, 0, 0, 0, 0, 0, 0, 0, 0, 0, 0, 0, 0, 7.64654141345, 0, 0, 0, 0, 0, 0, 0, 0, 0, 0, 0, 0, 8.21204742306, 0, 0, 0, 0, 0, 0, 0, 0, 8.05945538755, 0, 0, 0, 0, 0, 0, 0, 0, 7.28171074774, 0, 0, 6.50756305965, 6.01450113036, 5.03154954, 0, 0, 4.0951, 0, 0, 0, None, ]
[2.99428890708, 5.10077381354, 0, 0, 0.1, 0.1, 0, 0, 6.8030754953, 0, 0, 0, 0, 0, 0, 0, 0, 0, 0, 0, 0, 8.00300989394, 0, 0, 0, 0, 0, 0, 0, 0, 0, 0, 0, 0, 8.59670762495, 0, 0, 0, 0, 0, 0, 0, 0, 8.48160810646, 0, 0, 0, 0, 0, 0, 0, 0, 7.8042309033, 0, 0, 7.15819672171, 6.71615565583, 5.837863635, 0, 0, 4.68559, 0, 0, 0, None, ]
[3.20488638999, 5.37093595096, 0, 0, 0.1, 0.1, 0, 0, 7.12298890506, 0, 0, 0, 0, 0, 0, 0, 0, 0, 0, 0, 0, 8.36229369996, 0, 0, 0, 0, 0, 0, 0, 0, 0, 0, 0, 0, 8.98511285702, 0, 0, 0, 0, 0, 0, 0, 0, 8.91379234383, 0, 0, 0, 0, 0, 0, 0, 0, 8.33955590317, 0, 0, 7.81392545356, 7.42826807511, 6.6225894156, 0, 0, 5.217031, 0, -5.39935, 0, None, ]
[3.42143763673, 5.64607001648, 0, 0, 0.1, 0.1, 0, 0, 7.44683576161, 0, 0, 0, 0, 0, 0, 0, 0, 0, 0, 0, 0, 8.72448576454, 0, 0, 0, 0, 0, 0, 0, 0, 0, 0, 0, 0, 9.37789166778, 0, 0, 0, 0, 0, 0, 0, 0, 9.35628530421, 0, 0, 0, 0, 0, 0, 0, 0, 8.88691471896, 0, 0, 8.47528543304, 8.14763398326, 7.38198140373, 0, 0, 5.1554468935, 0, -5.39935, 0, None, ]
[3.643844414, 5.92607212264, 0, 0, 0.1, 0.1, 0, 0, 7.77451351705, 0, 0, 0, 0, 0, 0, 0, 0, 0, 0, 0, 0, 9.08973257595, 0, 0, 0, 0, 0, 0, 0, 0, 0, 0, 0, 0, 9.77563746857, 0, 0, 0, 0, 0, 0, 0, 0, 9.80925937654, 0, 0, 0, 0, 0, 0, 0, 0, 9.44566703751, 0, 0, 9.14243881172, 8.87099490549, 8.05927639824, 0, 0, 5.10002119765, 0, -5.39935, 0, None, ]
[3.87200792414, 6.21083851694, 0, 0, 0.1, 0.1, 0, 0, 8.10594452561, 0, 0, 0, 0, 0, 0, 0, 0, 0, 0, 0, 0, 9.45822530884, 0, 0, 0, 0, 0, 0, 0, 0, 0, 0, 0, 0, 10.1789015668, 0, 0, 0, 0, 0, 0, 0, 0, 10.272805686, 0, 0, 0, 0, 0, 0, 0, 0, 10.0152527905, 0, 0, 9.81520571115, 9.589742462, 8.66329987797, 0, 0, 5.05013807139, 0, -5.39935, 0, None, ]
[4.10582887504, 6.50026805836, 0, 0, 0.1, 0.1, 0, 0, 8.44107802168, 0, 0, 0, 0, 0, 0, 0, 0, 0, 0, 0, 0, 9.83019114561, 0, 0, 0, 0, 0, 0, 0, 0, 0, 0, 0, 0, 10.5881892506, 0, 0, 0, 0, 0, 0, 0, 0, 10.7469502439, 0, 0, 0, 0, 0, 0, 0, 0, 10.5951499305, 0, 0, 10.4925634888, 10.2970115706, 9.20193319593, 0, 0, 5.00524325775, 0, -5.39935, 0, None, ]
[4.34520779069, 6.79426464392, 0, 0, 0.1, 0.1, 0, 0, 8.77989103216, 0, 0, 0, 0, 0, 0, 0, 0, 0, 0, 0, 0, 10.2058850742, 0, 0, 0, 0, 0, 0, 0, 0, 0, 0, 0, 0, 11.0039578805, 0, 0, 0, 0, 0, 0, 0, 0, 11.2316642611, 0, 0, 0, 0, 0, 0, 0, 0, 11.1847863607, 0, 0, 11.1729053269, 10.9874117138, 9.68221414968, 0, 0, 4.96483792547, 0, -5.39935, 0, None, ]
[4.59004553337, 7.09273948383, 0, 0, 0.1, 0.1, 0, 0, 9.12238837752, 0, 0, 0, 0, 0, 0, 0, 0, 0, 0, 0, 0, 10.5855823153, 0, 0, 0, 0, 0, 0, 0, 0, 0, 0, 0, 0, 11.4266162019, 0, 0, 0, 0, 0, 0, 0, 0, 11.7268646232, 0, 0, 0, 0, 0, 0, 0, 0, 11.7834865283, 0, 0, 11.8542460914, 11.6567951352, 10.1104268789, 0, 0, 4.92847312642, 0, -5.39935, 0, None, ]
[4.84024400102, 7.39561314932, 0, 0, 0.1, 0.1, 0, 0, 9.46860191547, 0, 0, 0, 0, 0, 0, 0, 0, 0, 0, 0, 0, 10.9695714378, 0, 0, 0, 0, 0, 0, 0, 0, 0, 0, 0, 0, 11.8565237754, 0, 0, 0, 0, 0, 0, 0, 0, 12.2324089788, 0, 0, 0, 0, 0, 0, 0, 0, 12.3904439422, 0, 0, 12.5343844279, 12.3020572053, 10.4921822189, 0, 0, 4.89574480728, 0, -10.258765, 0, None, ]
Policy - [0, 2, 0, 0, 0, 0, 0, 0, 3, 1, 0, 0, 0, 0, 0, 0, 0, 0, 0, 0, 0, 3, 0, 0, 0, 0, 0, 0, 0, 0, 0, 0, 0, 0, 1, 0, 0, 0, 0, 0, 0, 0, 0, 3, 0, 0, 0, 2, 0, 0, 0, 0, 5, 0, 0, 3, 4, 5, 0, 0, 6, 0, 3, 0, 7, ]
[5.09570695972, 7.70281733991, 0, 0, 0.1, 0.1, 0, 0, 9.81858917199, 0, 0, 0, 0, 0, 0, 0, 0, 0, 0, 0, 0, 11.3581481063, 0, 0, 0, 0, 0, 0, 0, 0, 0, 0, 0, 0, 12.2939899716, 0, 0, 0, 0, 0, 0, 0, 0, 12.7480885707, 0, 0, 0, 0, 0, 0, 0, 0, 13.0047126469, 0, 0, 13.2110286851, 12.9209647849, 10.8324895203, 0, 0, 4.3803964142, 0, -10.258765, 0, None, ]
[5.35634096956, 8.01429633723, 0, 0, 0.1, 0.1, 0, 0, 10.1724314839, 0, 0, 0, 0, 0, 0, 0, 0, 0, 0, 0, 0, 11.7516093529, 0, 0, 0, 0, 0, 0, 0, 0, 0, 0, 0, 0, 12.7392723506, 0, 0, 0, 0, 0, 0, 0, 0, 13.2736209312, 0, 0, 0, 0, 0, 0, 0, 0, 13.6252121404, 0, 0, 13.8818930854, 13.5120089335, 11.0872364057, 0, 0, 3.91658286043, 0, -10.258765, 0, None, ]
[5.62205636337, 8.33000812758, 0, 0, 0.1, 0.1, 0, 0, 10.5302317547, 0, 0, 0, 0, 0, 0, 0, 0, 0, 0, 0, 0, 12.15024826, 0, 0, 0, 0, 0, 0, 0, 0, 0, 0, 0, 0, 13.1925744725, 0, 0, 0, 0, 0, 0, 0, 0, 13.8086438, 0, 0, 0, 0, 0, 0, 0, 0, 14.250741416, 0, 0, 14.5447695501, 14.0694208084, 11.2701318854, 0, 0, 3.49915066204, 0, -10.258765, 0, None, ]
[5.89276823971, 8.64992518798, 0, 0, 0.1, 0.1, 0, 0, 10.8921119028, 0, 0, 0, 0, 0, 0, 0, 0, 0, 0, 0, 0, 12.5543489555, 0, 0, 0, 0, 0, 0, 0, 0, 0, 0, 0, 0, 13.6540433188, 0, 0, 0, 0, 0, 0, 0, 0, 14.3527110542, 0, 0, 0, 0, 0, 0, 0, 0, 14.8799987817, 0, 0, 15.1970939817, 14.5893792148, 11.3929987715, 0, 0, 3.12346168349, 0, -10.258765, 0, None, ]
[6.16839743528, 8.97403493834, 0, 0, 0.1, 0.1, 0, 0, 11.2582100646, 0, 0, 0, 0, 0, 0, 0, 0, 0, 0, 0, 0, 12.9641818514, 0, 0, 0, 0, 0, 0, 0, 0, 0, 0, 0, 0, 14.1237665652, 0, 0, 0, 0, 0, 0, 0, 0, 14.9052910269, 0, 0, 0, 0, 0, 0, 0, 0, 15.5115563308, 0, 0, 15.8361766112, 15.0696272404, 11.4660138281, 0, 0, 2.78534160279, 0, -10.258765, 0, None, ]
[6.44887144524, 9.30233986886, 0, 0, 0.1, 0.1, 0, 0, 11.6286776014, 0, 0, 0, 0, 0, 0, 0, 0, 0, 0, 0, 0, 13.3799990851, 0, 0, 0, 0, 0, 0, 0, 0, 0, 0, 0, 0, 14.6017699585, 0, 0, 0, 0, 0, 0, 0, 0, 15.4657624418, 0, 0, 0, 0, 0, 0, 0, 0, 16.143859997, 0, 0, 16.4593709779, 15.5091512391, 11.4979187522, 0, 0, 2.48103353016, 0, -10.258765, 0, None, ]
[6.7341252642, 9.63485735534, 0, 0, 0.1, 0.1, 0, 0, 12.0036759498, 0, 0, 0, 0, 0, 0, 0, 0, 0, 0, 0, 0, 13.8020301547, 0, 0, 0, 0, 0, 0, 0, 0, 0, 0, 0, 0, 15.0880145492, 0, 0, 0, 0, 0, 0, 0, 0, 16.0334107587, 0, 0, 0, 0, 0, 0, 0, 0, 16.7752465014, 0, 0, 17.0641939125, 15.9079130112, 11.4962054196, 0, 0, 2.20715626479, 0, -14.6322385, 0, None, ]
[7.02410212474, 9.97161917803, 0, 0, 0.1, 0.1, 0, 0, 12.38337335, 0, 0, 0, 0, 0, 0, 0, 0, 0, 0, 0, 0, 14.230477714, 0, 0, 0, 0, 0, 0, 0, 0, 0, 0, 0, 0, 15.582393836, 0, 0, 0, 0, 0, 0, 0, 0, 16.6074265805, 0, 0, 0, 0, 0, 0, 0, 0, 17.4039706006, 0, 0, 17.6484067432, 16.26662729, 11.4672784326, 0, 0, 1.5233631107, 0, -14.6322385, 0, None, ]
[7.31875411388, 10.3126707615, 0, 0, 0.1, 0.1, 0, 0, 12.7679414816, 0, 0, 0, 0, 0, 0, 0, 0, 0, 0, 0, 0, 14.6655135023, 0, 0, 0, 0, 0, 0, 0, 0, 0, 0, 0, 0, 16.0847310362, 0, 0, 0, 0, 0, 0, 0, 0, 17.1869069428, 0, 0, 0, 0, 0, 0, 0, 0, 18.0282377308, 0, 0, 18.2100661316, 16.5865777315, 11.3728716668, 0, 0, 0.907949272014, 0, -14.6322385, 0, None, ]
[7.61804265193, 10.6580701541, 0, 0, 0.1, 0.1, 0, 0, 13.1575520286, 0, 0, 0, 0, 0, 0, 0, 0, 0, 0, 0, 0, 15.1072744084, 0, 0, 0, 0, 0, 0, 0, 0, 0, 0, 0, 0, 16.5947767578, 0, 0, 0, 0, 0, 0, 0, 0, 17.7708597392, 0, 0, 0, 0, 0, 0, 0, 0, 18.6462384702, 0, 0, 18.7475514258, 16.8650933963, 11.2263703478, 0, 0, 0.354076817197, 0, -14.6322385, 0, None, ]
Policy - [0, 2, 0, 0, 0, 0, 0, 0, 3, 1, 0, 0, 0, 0, 0, 0, 0, 0, 0, 0, 0, 3, 0, 0, 0, 0, 0, 0, 0, 0, 0, 0, 0, 0, 1, 0, 0, 0, 0, 0, 0, 0, 0, 3, 0, 0, 0, 2, 0, 0, 0, 0, 5, 0, 0, 3, 4, 5, 0, 0, 6, 0, 4, 0, 1, ]
[7.92193882145, 11.007886766, 0, 0, 0.1, 0.1, 0, 0, 13.5523731938, 0, 0, 0, 0, 0, 0, 0, 0, 0, 0, 0, 0, 15.5558586956, 0, 0, 0, 0, 0, 0, 0, 0, 0, 0, 0, 0, 17.1122073473, 0, 0, 0, 0, 0, 0, 0, 0, 18.3582111499, 0, 0, 0, 0, 0, 0, 0, 0, 19.2561822903, 0, 0, 19.2591369719, 17.1011088277, 11.039137454, 0, 0, 0, 0, -14.6322385, 0, None, ]
[8.23042353704, 11.3621998851, 0, 0, 0.1, 0.1, 0, 0, 13.9525661854, 0, 0, 0, 0, 0, 0, 0, 0, 0, 0, 0, 0, 16.0113224387, 0, 0, 0, 0, 0, 0, 0, 0, 0, 0, 0, 0, 17.6366241455, 0, 0, 0, 0, 0, 0, 0, 0, 18.9478157021, 0, 0, 0, 0, 0, 0, 0, 0, 19.8562851671, 0, 0, 19.7431631464, 17.294801299, 10.8352237086, 0, 0, 0, 0, -14.6322385, 0, None, ]
[8.54348754984, 11.7210969894, 0, 0, 0.1, 0.1, 0, 0, 14.3582816975, 0, 0, 0, 0, 0, 0, 0, 0, 0, 0, 0, 0, 16.4736762431, 0, 0, 0, 0, 0, 0, 0, 0, 0, 0, 0, 0, 18.167553823, 0, 0, 0, 0, 0, 0, 0, 0, 19.5384640858, 0, 0, 0, 0, 0, 0, 0, 0, 20.4447755334, 0, 0, 20.1981540137, 17.4487351877, 10.6517013377, 0, 0, 1.0, 0, -14.6322385, 0, None, ]
[8.86113128283, 12.0846718774, 0, 0, 0.1, 0.1, 0, 0, 14.7696564153, 0, 0, 0, 0, 0, 0, 0, 0, 0, 0, 0, 0, 16.9428823256, 0, 0, 0, 0, 0, 0, 0, 0, 0, 0, 0, 0, 18.7044494646, 0, 0, 0, 0, 0, 0, 0, 0, 20.1288907828, 0, 0, 0, 0, 0, 0, 0, 0, 21.0199113999, 0, 0, 20.6230376437, 17.5689252857, 10.5865212039, 0, 0, 1.9, 0, -14.6322385, 0, None, ]
[9.18336449557, 12.4530226346, 0, 0, 0.1, 0.1, 0, 0, 15.1868095775, 0, 0, 0, 0, 0, 0, 0, 0, 0, 0, 0, 0, 17.418851995, 0, 0, 0, 0, 0, 0, 0, 0, 0, 0, 0, 0, 19.2466923075, 0, 0, 0, 0, 0, 0, 0, 0, 20.7177826454, 0, 0, 0, 0, 0, 0, 0, 0, 21.5800177939, 0, 0, 21.0174507187, 17.6705790123, 10.6178500835, 0, 0, 2.71, 7.0994, -14.6322385, 0, None, ]
[9.51020577925, 12.8262494608, 0, 0, 0.1, 0.1, 0, 0, 15.6098396307, 0, 0, 0, 0, 0, 0, 0, 0, 0, 0, 0, 0, 17.9014435593, 0, 0, 0, 0, 0, 0, 0, 0, 0, 0, 0, 0, 19.7935941635, 0, 0, 0, 0, 0, 0, 0, 0, 21.30379036, 0, 0, 0, 0, 0, 0, 0, 0, 22.1235509118, 0, 0, 21.3825868422, 17.7651999409, 10.7270379752, 0, 0, 4.148869006, 13.48886, -14.6322385, 0, None, ]
[9.84168188491, 13.2044523794, 0, 0, 0.1, 0.1, 0, 0, 16.0388210091, 0, 0, 0, 0, 0, 0, 0, 0, 0, 0, 0, 0, 18.3904606838, 0, 0, 0, 0, 0, 0, 0, 0, 0, 0, 0, 0, 20.3444007453, 0, 0, 0, 0, 0, 0, 0, 0, 21.8855451797, 0, 0, 0, 0, 0, 0, 0, 0, 22.649240679, 0, 0, 21.7206705001, 17.861276474, 10.9691795896, 0, 0, 6.0827332168, 19.239374, -14.6322385, 0, None, ]
[10.1778268898, 13.5877288542, 0, 0, 0.1, 0.1, 0, 0, 16.473801072, 0, 0, 0, 0, 0, 0, 0, 0, 0, 0, 0, 0, 18.8856512459, 0, 0, 0, 0, 0, 0, 0, 0, 0, 0, 0, 0, 20.8982963332, 0, 0, 0, 0, 0, 0, 0, 0, 22.4616882372, 0, 0, 0, 0, 0, 0, 0, 0, 23.1561664544, 0, 0, 22.0345524847, 17.9719570937, 11.380474125, 0, 0, 8.39820490138, 24.4148366, -14.6322385, 0, None, ]
[10.518681209, 13.976171338, 0, 0, 0.1, 0.1, 0, 0, 16.9147972329, 0, 0, 0, 0, 0, 0, 0, 0, 0, 0, 0, 0, 19.3867067717, 0, 0, 0, 0, 0, 0, 0, 0, 0, 0, 0, 0, 21.4544109068, 0, 0, 0, 0, 0, 0, 0, 0, 23.0309044973, 0, 0, 0, 0, 0, 0, 0, 0, 23.6437847119, 0, 0, 22.3281132261, 18.1126949921, 11.9821632206, 0, 0, 10.9996239229, 29.07275294, -14.6322385, 0, None, ]
[10.8642904602, 14.3698647795, 0, 0, 0.1, 0.1, 0, 0, 17.3617943197, 0, 0, 0, 0, 0, 0, 0, 0, 0, 0, 0, 0, 19.8932626411, 0, 0, 0, 0, 0, 0, 0, 0, 0, 0, 0, 0, 22.0118299568, 0, 0, 0, 0, 0, 0, 0, 0, 23.5919560809, 0, 0, 0, 0, 0, 0, 0, 0, 24.1119942822, 0, 0, 22.6063902757, 18.2995219933, 12.7837992946, 0, 0, 13.8066460971, 33.264877646, -14.6322385, 0, None, ]
Policy - [0, 2, 0, 0, 0, 0, 0, 0, 3, 1, 0, 0, 0, 0, 0, 0, 0, 0, 0, 0, 0, 3, 0, 0, 0, 0, 0, 0, 0, 0, 0, 0, 0, 0, 1, 0, 0, 0, 0, 0, 0, 0, 0, 3, 0, 0, 0, 2, 0, 0, 0, 0, 5, 0, 0, 3, 4, 5, 0, 0, 5, 6, 5, 0, 7, ]
[11.2147041935, 14.7688841156, 0, 0, 0.1, 0.1, 0, 0, 17.8147422192, 0, 0, 0, 0, 0, 0, 0, 0, 0, 0, 0, 0, 20.4048992544, 0, 0, 0, 0, 0, 0, 0, 0, 0, 0, 0, 0, 22.5696066496, 0, 0, 0, 0, 0, 0, 0, 0, 24.1437187811, 0, 0, 0, 0, 0, 0, 0, 0, 24.5612078177, 0, 0, 22.8755204523, 18.5478218855, 13.7859459083, 0, 0, 16.7521366032, 37.0377898814, -14.6322385, 0, None, ]
[11.5699744968, 15.1732917785, 0, 0, 0.1, 0.1, 0, 0, 18.2735538737, 0, 0, 0, 0, 0, 0, 0, 0, 0, 0, 0, 0, 20.9211442978, 0, 0, 0, 0, 0, 0, 0, 0, 0, 0, 0, 0, 23.1267764256, 0, 0, 0, 0, 0, 0, 0, 0, 24.6852220727, 0, 0, 0, 0, 0, 0, 0, 0, 24.9924103259, 0, 0, 23.1425651174, 18.8714964283, 14.9823974565, 0, 0, 19.7803315531, 40.4334108933, -14.6322385, 0, None, ]
[11.9301544921, 15.5831352525, 0, 0, 0.1, 0.1, 0, 0, 18.7381037047, 0, 0, 0, 0, 0, 0, 0, 0, 0, 0, 0, 0, 21.4414762428, 0, 0, 0, 0, 0, 0, 0, 0, 0, 0, 0, 0, 23.6823741381, 0, 0, 0, 0, 0, 0, 0, 0, 25.2156909739, 0, 0, 0, 0, 0, 0, 0, 0, 25.4071943794, 0, 0, 23.4152695335, 19.2824367071, 16.3619930628, 0, 0, 22.845235153, 43.4894698039, -14.6322385, 0, None, ]
[12.2952967368, 15.9984447167, 0, 0, 0.1, 0.1, 0, 0, 19.2082265437, 0, 0, 0, 0, 0, 0, 0, 0, 0, 0, 0, 0, 21.9653292086, 0, 0, 0, 0, 0, 0, 0, 0, 0, 0, 0, 0, 24.2354536647, 0, 0, 0, 0, 0, 0, 0, 0, 25.7345872425, 0, 0, 0, 0, 0, 0, 0, 0, 25.8077677421, 0, 0, 23.7017934265, 19.7902287228, 17.9100888195, 0, 0, 25.9092237234, 46.2399228235, -14.6322385, 0, None, ]
[12.6654515503, 16.4192308171, 0, 0, 0.1, 0.1, 0, 0, 19.6837171569, 0, 0, 0, 0, 0, 0, 0, 0, 0, 0, 0, 0, 22.4920992997, 0, 0, 0, 0, 0, 0, 0, 0, 0, 0, 0, 0, 24.7851096766, 0, 0, 0, 0, 0, 0, 0, 0, 26.2416472148, 0, 0, 0, 0, 0, 0, 0, 0, 26.1969332926, 0, 0, 24.0104390538, 20.4020356315, 19.6097432176, 0, 0, 28.9418312342, 48.7153305412, -14.6322385, 0, None, ]
[13.0406652847, 16.8454826139, 0, 0, 0.1, 0.1, 0, 0, 20.1643304502, 0, 0, 0, 0, 0, 0, 0, 0, 0, 0, 0, 0, 23.0211524863, 0, 0, 0, 0, 0, 0, 0, 0, 0, 0, 0, 0, 25.330501014, 0, 0, 0, 0, 0, 0, 0, 0, 26.7369138532, 0, 0, 0, 0, 0, 0, 0, 0, 26.5780437643, 0, 0, 24.3493946912, 21.1226102927, 21.442662601, 0, 0, 31.9186940116, 50.9431974871, -14.6322385, 0, None, ]
[13.4209785628, 17.2771657542, 0, 0, 0.1, 0.1, 0, 0, 20.6497824423, 0, 0, 0, 0, 0, 0, 0, 0, 0, 0, 0, 0, 23.551834034, 0, 0, 0, 0, 0, 0, 0, 0, 0, 0, 0, 0, 25.8708749288, 0, 0, 0, 0, 0, 0, 0, 0, 27.2207610639, 0, 0, 0, 0, 0, 0, 0, 0, 26.9549353631, 0, 0, 24.7265050253, 21.9544010969, 23.3899465551, 0, 0, 34.8206349272, 52.9482777384, -14.6322385, 0, None, ]
[13.8064245103, 17.7142209252, 0, 0, 0.1, 0.1, 0, 0, 21.1397520831, 0, 0, 0, 0, 0, 0, 0, 0, 0, 0, 0, 0, 24.0834794148, 0, 0, 0, 0, 0, 0, 0, 0, 0, 0, 0, 0, 26.4055913347, 0, 0, 0, 0, 0, 0, 0, 0, 27.6939089445, 0, 0, 0, 0, 0, 0, 0, 0, 27.3318450643, 0, 0, 25.1490750884, 22.8977217433, 25.432667186, 0, 0, 37.6328697255, 54.7528499645, -14.6322385, 0, None, ]
[14.1970270095, 18.1565626435, 0, 0, 0.1, 0.1, 0, 0, 21.6338839815, 0, 0, 0, 0, 0, 0, 0, 0, 0, 0, 0, 0, 24.6154265508, 0, 0, 0, 0, 0, 0, 0, 0, 0, 0, 0, 0, 26.9341461566, 0, 0, 0, 0, 0, 0, 0, 0, 28.157429238, 0, 0, 0, 0, 0, 0, 0, 0, 27.7133165759, 0, 0, 25.6237107767, 23.9509619609, 27.5523111112, 0, 0, 40.3443202209, 56.3769649681, -14.6322385, 0, None, ]
[14.5927990073, 18.6040784385, 0, 0, 0.1, 0.1, 0, 0, 22.1317920842, 0, 0, 0, 0, 0, 0, 0, 0, 0, 0, 0, 0, 25.14702917, 0, 0, 0, 0, 0, 0, 0, 0, 0, 0, 0, 0, 27.4561928904, 0, 0, 0, 0, 0, 0, 0, 0, 28.6127408386, 0, 0, 0, 0, 0, 0, 0, 0, 28.1040997589, 0, 0, 26.1561963855, 25.1108213528, 29.731108579, 0, 0, 42.947020926, 56.3769649681, -14.6322385, 0, None, ]
Policy - [0, 2, 0, 0, 0, 0, 0, 0, 3, 1, 0, 0, 0, 0, 0, 0, 0, 0, 0, 0, 0, 3, 0, 0, 0, 0, 0, 0, 0, 0, 0, 0, 0, 0, 1, 0, 0, 0, 0, 0, 0, 0, 0, 3, 0, 0, 0, 2, 0, 0, 0, 0, 5, 0, 0, 3, 4, 5, 0, 0, 5, 6, 5, 0, 7, ]
[14.9937409096, 19.0566284851, 0, 0, 0.1, 0.1, 0, 0, 22.6330643225, 0, 0, 0, 0, 0, 0, 0, 0, 0, 0, 0, 0, 25.6776709801, 0, 0, 0, 0, 0, 0, 0, 0, 0, 0, 0, 0, 27.9715615578, 0, 0, 0, 0, 0, 0, 0, 0, 29.0615956897, 0, 0, 0, 0, 0, 0, 0, 0, 28.5090478596, 0, 0, 26.751407774, 26.3725527643, 31.9522703435, 0, 0, 44.1858572813, 47.9053266241, -14.6322385, 0, None, ]
[15.3998391009, 19.5140457382, 0, 0, 0.1, 0.1, 0, 0, 23.1372682115, 0, 0, 0, 0, 0, 0, 0, 0, 0, 0, 0, 0, 26.2067803222, 0, 0, 0, 0, 0, 0, 0, 0, 0, 0, 0, 0, 28.4802743551, 0, 0, 0, 0, 0, 0, 0, 0, 29.5060558162, 0, 0, 0, 0, 0, 0, 0, 0, 28.933016337, 0, 0, 27.4132585475, 27.7302049995, 34.0751871787, 0, 0, 45.5573251623, 50.2141939617, -14.6322385, 0, None, ]
[15.8110646242, 19.9761366128, 0, 0, 0.1, 0.1, 0, 0, 23.6439573548, 0, 0, 0, 0, 0, 0, 0, 0, 0, 0, 0, 0, 26.7338449228, 0, 0, 0, 0, 0, 0, 0, 0, 0, 0, 0, 0, 28.9825574406, 0, 0, 0, 0, 0, 0, 0, 0, 29.9484625381, 0, 0, 0, 0, 0, 0, 0, 0, 29.3807664254, 0, 0, 28.1446758907, 29.1643624656, 36.1229454038, 0, 0, 47.0225099003, 52.2921745656, -14.6322385, 0, None, ]
[16.2273720617, 20.4426822475, 0, 0, 0.1, 0.1, 0, 0, 24.1526787731, 0, 0, 0, 0, 0, 0, 0, 0, 0, 0, 0, 0, 27.258426349, 0, 0, 0, 0, 0, 0, 0, 0, 0, 0, 0, 0, 29.4788484657, 0, 0, 0, 0, 0, 0, 0, 0, 30.3913991192, 0, 0, 0, 0, 0, 0, 0, 0, 29.8568759252, 0, 0, 28.9463529045, 30.6598595299, 38.1124316283, 0, 0, 47.0225099003, 52.2921745656, -14.6322385, 0, None, ]
[16.6486986534, 20.9134403732, 0, 0, 0.1, 0.1, 0, 0, 24.6629809465, 0, 0, 0, 0, 0, 0, 0, 0, 0, 0, 0, 0, 27.7801737722, 0, 0, 0, 0, 0, 0, 0, 0, 0, 0, 0, 0, 29.9697996171, 0, 0, 0, 0, 0, 0, 0, 0, 30.837648231, 0, 0, 0, 0, 0, 0, 0, 0, 30.3655341596, 0, 0, 29.8173969685, 32.2047356155, 39.9029692304, 0, 0, 48.5489534451, 54.162357109, -14.6322385, 0, None, ]
[17.074963691, 21.3881478008, 0, 0, 0.1, 0.1, 0, 0, 25.1744224273, 0, 0, 0, 0, 0, 0, 0, 0, 0, 0, 0, 0, 28.2988366587, 0, 0, 0, 0, 0, 0, 0, 0, 0, 0, 0, 0, 30.456276102, 0, 0, 0, 0, 0, 0, 0, 0, 31.2901331685, 0, 0, 0, 0, 0, 0, 0, 0, 30.9104222665, 0, 0, 30.7558087858, 33.7741599473, 41.6670821624, 0, 0, 50.1097521879, 55.8455213981, -14.6322385, 0, None, ]
[17.5060682205, 21.8665235192, 0, 0, 0.1, 0.1, 0, 0, 25.6865808621, 0, 0, 0, 0, 0, 0, 0, 0, 0, 0, 0, 0, 28.8142760402, 0, 0, 0, 0, 0, 0, 0, 0, 0, 0, 0, 0, 30.9393489073, 0, 0, 0, 0, 0, 0, 0, 0, 31.7518529741, 0, 0, 0, 0, 0, 0, 0, 0, 31.4946533604, 0, 0, 31.7573061604, 35.363035498, 43.4108480674, 0, 0, 51.6827706537, 57.3603692583, -14.6322385, 0, None, ]
[17.9418950851, 22.3482723877, 0, 0, 0.1, 0.1, 0, 0, 26.1990622371, 0, 0, 0, 0, 0, 0, 0, 0, 0, 0, 0, 0, 29.3264739335, 0, 0, 0, 0, 0, 0, 0, 0, 0, 0, 0, 0, 31.4202817955, 0, 0, 0, 0, 0, 0, 0, 0, 32.2258180662, 0, 0, 0, 0, 0, 0, 0, 0, 32.1206010673, 0, 0, 32.8175254638, 36.9673826464, 45.1375234983, 0, 0, 53.2499569105, 58.7237323325, -14.6322385, 0, None, ]
[18.3823093327, 22.833089382, 0, 0, 0.1, 0.1, 0, 0, 26.711510142, 0, 0, 0, 0, 0, 0, 0, 0, 0, 0, 0, 0, 29.8355405168, 0, 0, 0, 0, 0, 0, 0, 0, 0, 0, 0, 0, 31.9005131644, 0, 0, 0, 0, 0, 0, 0, 0, 32.7149751603, 0, 0, 0, 0, 0, 0, 0, 0, 32.7899653317, 0, 0, 33.9321415082, 38.5839453564, 46.84823434, 0, 0, 54.7967472154, 59.9507590992, -14.6322385, 0, None, ]
[18.8271590067, 23.3206643429, 0, 0, 0.1, 0.1, 0, 0, 27.2236148241, 0, 0, 0, 0, 0, 0, 0, 0, 0, 0, 0, 0, 30.3417187765, 0, 0, 0, 0, 0, 0, 0, 0, 0, 0, 0, 0, 32.3816322142, 0, 0, 0, 0, 0, 0, 0, 0, 33.2221462778, 0, 0, 0, 0, 0, 0, 0, 0, 33.5038436279, 0, 0, 35.0969360536, 40.2099057724, 48.54253766, 0, 0, 56.3115488962, 61.0550831893, -14.6322385, 0, None, ]
Policy - [0, 2, 0, 0, 0, 0, 0, 0, 3, 1, 0, 0, 0, 0, 0, 0, 0, 0, 0, 0, 0, 3, 0, 0, 0, 0, 0, 0, 0, 0, 0, 0, 0, 0, 1, 0, 0, 0, 0, 0, 0, 0, 0, 3, 0, 0, 0, 2, 0, 0, 0, 0, 5, 0, 0, 3, 4, 5, 0, 0, 5, 6, 5, 0, 7, ]
[19.2762763337, 23.8106871549, 0, 0, 0.1, 0.1, 0, 0, 27.7351218021, 0, 0, 0, 0, 0, 0, 0, 0, 0, 0, 0, 0, 30.8453863039, 0, 0, 0, 0, 0, 0, 0, 0, 0, 0, 0, 0, 32.8653513991, 0, 0, 0, 0, 0, 0, 0, 0, 33.7499809744, 0, 0, 0, 0, 0, 0, 0, 0, 34.2628019011, 0, 0, 36.3078309264, 41.8426835358, 50.2188756682, 0, 0, 57.7852917746, 62.0489748704, -14.6322385, 0, None, ]
[19.7294793089, 24.3028532684, 0, 0, 0.1, 0.1, 0, 0, 28.2458397985, 0, 0, 0, 0, 0, 0, 0, 0, 0, 0, 0, 0, 31.3470541599, 0, 0, 0, 0, 0, 0, 0, 0, 0, 0, 0, 0, 33.3534768568, 0, 0, 0, 0, 0, 0, 0, 0, 34.300920439, 0, 0, 0, 0, 0, 0, 0, 0, 35.0669417254, 0, 0, 37.5608977605, 43.4798005603, 51.8749394259, 0, 0, 59.2110395945, 62.9434773833, -14.6322385, 0, None, ]
[20.1865736763, 24.796869463, 0, 0, 0.1, 0.1, 0, 0, 28.7556477641, 0, 0, 0, 0, 0, 0, 0, 0, 0, 0, 0, 0, 31.8473628948, 0, 0, 0, 0, 0, 0, 0, 0, 0, 0, 0, 0, 33.8478782058, 0, 0, 0, 0, 0, 0, 0, 0, 34.8771718982, 0, 0, 0, 0, 0, 0, 0, 0, 35.9159617199, 0, 0, 38.8523532425, 45.1187956974, 53.5079573324, 0, 0, 60.5836539386, 63.748529645, -14.6322385, 0, None, ]
[20.6473552863, 25.2924597366, 0, 0, 0.1, 0.1, 0, 0, 29.2645008035, 0, 0, 0, 0, 0, 0, 0, 0, 0, 0, 0, 0, 32.3470759472, 0, 0, 0, 0, 0, 0, 0, 0, 0, 0, 0, 0, 34.3504588033, 0, 0, 0, 0, 0, 0, 0, 0, 35.4806917208, 0, 0, 0, 0, 0, 0, 0, 0, 36.8092123486, 0, 0, 40.1785463, 46.7571767814, 55.1149211564, 0, 0, 61.8995040239, 64.4730766805, -14.6322385, 0, None, ]
[21.1116128067, 25.7893711983, 0, 0, 0.1, 0.1, 0, 0, 29.7724348471, 0, 0, 0, 0, 0, 0, 0, 0, 0, 0, 0, 0, 32.8470707282, 0, 0, 0, 0, 0, 0, 0, 0, 0, 0, 0, 0, 34.8631272882, 0, 0, 0, 0, 0, 0, 0, 0, 36.1131756914, 0, 0, 0, 0, 0, 0, 0, 0, 37.7457439583, 0, 0, 41.5359417764, 48.3924000697, 56.6927604482, 0, 0, 63.1562165588, 65.1251690124, -14.6322385, 0, None, ]
[21.5791307522, 26.2873798388, 0, 0, 0.1, 0.1, 0, 0, 30.2795699645, 0, 0, 0, 0, 0, 0, 0, 0, 0, 0, 0, 0, 33.3483277529, 0, 0, 0, 0, 0, 0, 0, 0, 0, 0, 0, 0, 35.3877709967, 0, 0, 0, 0, 0, 0, 0, 0, 36.7760550607, 0, 0, 0, 0, 0, 0, 0, 0, 38.7243483807, 0, 0, 42.9211036817, 50.0218691799, 58.2384744971, 0, 0, 64.3524605525, 65.7120521112, -14.6322385, 0, None, ]
[22.0496927871, 26.7862960557, 0, 0, 0.1, 0.1, 0, 0, 30.7861122601, 0, 0, 0, 0, 0, 0, 0, 0, 0, 0, 0, 0, 33.8519181996, 0, 0, 0, 0, 0, 0, 0, 0, 0, 0, 0, 0, 35.9262316426, 0, 0, 0, 0, 0, 0, 0, 0, 37.4704971492, 0, 0, 0, 0, 0, 0, 0, 0, 39.7435946998, 0, 0, 44.3306800128, 51.6429473269, 59.749229578, 0, 0, 65.4877625878, 66.2402469001, -14.6322385, 0, None, ]
[22.523085251, 27.285969815, 0, 0, 0.1, 0.1, 0, 0, 31.2923543348, 0, 0, 0, 0, 0, 0, 0, 0, 0, 0, 0, 0, 34.3589902816, 0, 0, 0, 0, 0, 0, 0, 0, 0, 0, 0, 0, 36.4802834883, 0, 0, 0, 0, 0, 0, 0, 0, 38.1974094683, 0, 0, 0, 0, 0, 0, 0, 0, 40.8018599243, 0, 0, 45.7613903148, 53.2529780597, 61.2224280013, 0, 0, 66.5623486166, 66.7156222101, -14.6322385, 0, None, ]
[22.9991008477, 27.7862953435, 0, 0, 0.1, 0.1, 0, 0, 31.7986743396, 0, 0, 0, 0, 0, 0, 0, 0, 0, 0, 0, 0, 34.8707547994, 0, 0, 0, 0, 0, 0, 0, 0, 0, 0, 0, 0, 37.0516141122, 0, 0, 0, 0, 0, 0, 0, 0, 38.9574464953, 0, 0, 0, 0, 0, 0, 0, 0, 41.8973553494, 0, 0, 47.2100165595, 54.8493108296, 62.6557544394, 0, 0, 67.5770088197, 67.1434599891, -14.6322385, 0, None, ]
[23.4775424343, 28.2872152563, 0, 0, 0.1, 0.1, 0, 0, 32.305533678, 0, 0, 0, 0, 0, 0, 0, 0, 0, 0, 0, 0, 35.3884702145, 0, 0, 0, 0, 0, 0, 0, 0, 0, 0, 0, 0, 37.641807776, 0, 0, 0, 0, 0, 0, 0, 0, 39.7510184072, 0, 0, 0, 0, 0, 0, 0, 0, 43.0281493702, 0, 0, 48.6733974934, 56.429328633, 64.0472041073, 0, 0, 68.5329825021, 67.5285139902, -14.6322385, 0, None, ]
Policy - [0, 2, 0, 0, 0, 0, 0, 0, 3, 1, 0, 0, 0, 0, 0, 0, 0, 0, 0, 0, 0, 3, 0, 0, 0, 0, 0, 0, 0, 0, 0, 0, 0, 0, 1, 0, 0, 0, 0, 0, 0, 0, 0, 3, 0, 0, 0, 2, 0, 0, 0, 0, 5, 0, 0, 3, 4, 5, 0, 0, 5, 6, 5, 0, 7, ]
[23.9582268443, 28.7887240432, 0, 0, 0.1, 0.1, 0, 0, 32.813473447, 0, 0, 0, 0, 0, 0, 0, 0, 0, 0, 0, 0, 35.9134275526, 0, 0, 0, 0, 0, 0, 0, 0, 0, 0, 0, 0, 38.252331329, 0, 0, 0, 0, 0, 0, 0, 0, 40.578301222, 0, 0, 0, 0, 0, 0, 0, 0, 44.1921874486, 0, 0, 50.1484263141, 57.9904757084, 65.395096617, 0, 0, 69.4318603657, 67.8750625911, -14.6322385, 0, None, ]
[24.440988677, 29.2908708488, 0, 0, 0.1, 0.1, 0, 0, 33.3231097233, 0, 0, 0, 0, 0, 0, 0, 0, 0, 0, 0, 0, 36.4469354069, 0, 0, 0, 0, 0, 0, 0, 0, 0, 0, 0, 0, 38.8845225353, 0, 0, 0, 0, 0, 0, 0, 0, 41.4392479228, 0, 0, 0, 0, 0, 0, 0, 0, 45.3873098509, 0, 0, 51.6320513487, 59.5302838483, 66.6980786732, 0, 0, 70.2755018376, 68.186956332, -14.6322385, 0, None, ]
[24.9256839855, 29.7937615052, 0, 0, 0.1, 0.1, 0, 0, 33.8351278223, 0, 0, 0, 0, 0, 0, 0, 0, 0, 0, 0, 0, 36.9903052745, 0, 0, 0, 0, 0, 0, 0, 0, 0, 0, 0, 0, 39.5395806815, 0, 0, 0, 0, 0, 0, 0, 0, 42.3336002425, 0, 0, 0, 0, 0, 0, 0, 0, 46.6112676801, 0, 0, 53.1212792959, 61.04639635, 67.9551182347, 0, 0, 71.0659654175, 68.4676606988, -14.6322385, 0, None, ]
[25.4121937998, 30.2975597856, 0, 0, 0.1, 0.1, 0, 0, 34.3502756645, 0, 0, 0, 0, 0, 0, 0, 0, 0, 0, 0, 0, 37.5448374194, 0, 0, 0, 0, 0, 0, 0, 0, 0, 0, 0, 0, 40.2185593016, 0, 0, 0, 0, 0, 0, 0, 0, 43.2609008736, 0, 0, 0, 0, 0, 0, 0, 0, 47.8617376289, 0, 0, 54.6131805373, 62.5365889873, 69.1654922933, 0, 0, 71.805450269, 68.7202946289, -14.6322385, 0, None, ]
[25.9004274228, 30.8024878707, 0, 0, 0.1, 0.1, 0, 0, 34.8693563916, 0, 0, 0, 0, 0, 0, 0, 0, 0, 0, 0, 0, 38.1118074221, 0, 0, 0, 0, 0, 0, 0, 0, 0, 0, 0, 0, 40.9223608498, 0, 0, 0, 0, 0, 0, 0, 0, 44.2205059317, 0, 0, 0, 0, 0, 0, 0, 0, 49.136335788, 0, 0, 56.1048960164, 63.998787663, 70.3287700364, 0, 0, 72.4962475021, 68.947665166, -14.6322385, 0, None, ]
[26.3903254427, 31.3088260292, 0, 0, 0.1, 0.1, 0, 0, 35.3932203766, 0, 0, 0, 0, 0, 0, 0, 0, 0, 0, 0, 0, 38.6924535412, 0, 0, 0, 0, 0, 0, 0, 0, 0, 0, 0, 0, 41.6517331529, 0, 0, 0, 0, 0, 0, 0, 0, 45.211597554, 0, 0, 0, 0, 0, 0, 0, 0, 50.4326307618, 0, 0, 57.5936451932, 65.4310826126, 71.4447928205, 0, 0, 73.1406997918, 69.1522986494, -14.6322385, 0, None, ]
[26.8818624131, 31.8169115318, 0, 0, 0.1, 0.1, 0, 0, 35.9227567685, 0, 0, 0, 0, 0, 0, 0, 0, 0, 0, 0, 0, 39.2879649851, 0, 0, 0, 0, 0, 0, 0, 0, 0, 0, 0, 0, 42.4072674771, 0, 0, 0, 0, 0, 0, 0, 0, 46.2331965485, 0, 0, 0, 0, 0, 0, 0, 0, 51.7481562685, 0, 0, 59.0767346243, 66.8317391855, 72.5136521106, 0, 0, 73.7411681546, 69.3364687845, -14.6322385, 0, None, ]
[27.3750491559, 32.3271368279, 0, 0, 0.1, 0.1, 0, 0, 36.4588847105, 0, 0, 0, 0, 0, 0, 0, 0, 0, 0, 0, 0, 39.8994711616, 0, 0, 0, 0, 0, 0, 0, 0, 0, 0, 0, 0, 43.1893980522, 0, 0, 0, 0, 0, 0, 0, 0, 47.2841750389, 0, 0, 0, 0, 0, 0, 0, 0, 53.0804233368, 0, 0, 60.551566763, 68.1992053415, 73.5356663033, 0, 0, 74.3000048529, 69.502221906, -14.6322385, 0, None, ]
[27.8699346517, 32.8399470273, 0, 0, 0.1, 0.1, 0, 0, 37.0025443609, 0, 0, 0, 0, 0, 0, 0, 0, 0, 0, 0, 0, 40.5280319567, 0, 0, 0, 0, 0, 0, 0, 0, 0, 0, 0, 0, 43.9984029092, 0, 0, 0, 0, 0, 0, 0, 0, 48.3632690645, 0, 0, 0, 0, 0, 0, 0, 0, 54.4269321637, 0, 0, 62.0156486288, 69.532116081, 74.5113571582, 0, 0, 74.819531536, 69.6513997154, -14.6322385, 0, None, ]
[28.3666074898, 33.3558367352, 0, 0, 0.1, 0.1, 0, 0, 37.5546878402, 0, 0, 0, 0, 0, 0, 0, 0, 0, 0, 0, 0, 41.1746290679, 0, 0, 0, 0, 0, 0, 0, 0, 0, 0, 0, 0, 44.834405892, 0, 0, 0, 0, 0, 0, 0, 0, 49.4690911051, 0, 0, 0, 0, 0, 0, 0, 0, 55.7851836537, 0, 0, 63.4666000529, 70.8292950751, 75.4414264007, 0, 0, 75.3020218399, 69.7856597439, -14.6322385, 0, None, ]
Policy - [0, 2, 0, 0, 0, 0, 0, 0, 3, 1, 0, 0, 0, 0, 0, 0, 0, 0, 0, 0, 0, 3, 0, 0, 0, 0, 0, 0, 0, 0, 0, 0, 0, 0, 1, 0, 0, 0, 0, 0, 0, 0, 0, 3, 0, 0, 0, 2, 0, 0, 0, 0, 5, 0, 0, 3, 4, 5, 0, 0, 5, 6, 5, 0, 7, ]
