[0, 0, 0, 0, 0, 0, 0, 0, 0, 0, 0, 0, 0, 0, 0, 0, 0, 0, 0, 0, 0, 0, 0, 0, 0, 0, 0, 0, 0, 0, 0, 0, 0, 0, 0, 0, 0, 0, 0, 0, 0, 0, 0, 0, 0, 0, 0, 0, 0, 0, 0, 0, 0, 0, 0, 0, 0, 0, 0, 0, 0, 0, 0, 0, 0, ]
[0.0, 0, 0, 0, 0, 0, 0, 0, 0, 0, 0, 0, 0, 0, 0, 0, 0, 0, 0, 0, 0, 0, 0, 0, 0, 0, 0, 0, 0, 0, 0, 0, 0, 0, 0, 0, 0, 0, 0, 0, 0, 0, 0, 0, 0, 0, 0, 0, 0, 0, 0, 0, 0, 0, 0, 0, 0, 0, 0, 0, 0, 0, 0, 0, None, ]
[0.0, 0, 0, 0, 0, 0, 0.1, 0, 0, 0, 0, 0, 0, 0, 0, 0, 0, 0, 0, 0, 0, 0, 0, 0, 0, 0, 0, 0, 0, 0, 0, 0, 0, 0, 0, 0, 0, 0, 0, 0, 0, 0, 0, 0, 0, 0, 0, 0, 0, 0, 0, 0, 0, 0, 0, 0, 0, 0, 0, 0, 0, 0, 0, 0, None, ]
[0.0, 0, 0, 0, 0, 0, 0.1, 0, 0, 0, 0, 0, 0, 0, 0, 0, 0, 0, 0, 0, 0, 0, 0, 0, 0, 0, 0, 0, 0, 0, 0, 0, 0, 0, 0, 0, 0, 0, 0, 0, 0, 0, 0, 0, 0, 0, 0, 0, 0, 0, 0, 0, 0, 0, 0, 0, 0, 0, 0, 0, 0, 0, 0, 0, None, ]
[0.0, 0, 0, 0, 0, 0.1, 0.1, 0, 0, 0, 0, 0, 0, 0, 0, 0, 0, 0, 0, 0, 0, 0, 0, 0, 0, 0, 0, 0, 0, 0, 0, 0, 0, 0, 0, 0, 0, 0, 0, 0, 0, 0, 0, 0, 0, 0, 0, 0, 0, 0, 0, 0, 0, 0, 0, 0, 0, 0, 0, 0, 0, 0, 0, 0, None, ]
[0.009999, 0, 0, 0, 0, 0.1, 0.19, 0, 0, 0, 0, 0, 0, 0, 0, 0, 0, 0, 0, 0, 0, 0, 0, 0, 0, 0, 0, 0, 0, 0, 0, 0, 0, 0, 0, 0, 0, 0, 0, 0, 0, 0, 0, 0, 0, 0, 0, 0, 0, 0, 0, 0, 0, 0, 0, 0, 0, 0, 0, 0, 0, 0, 0, 0, None, ]
[0.0279972, 0, 0, 0, 0, 0.1, 0.271, 0, 0, 0, 0.2, 0, 0, 0, 0, 0, 0, 0, 0, 0, 0, 0, 0, 0, 0, 0, 0, 0, 0, 0, 0, 0, 0, 0, 0, 0, 0, 0, 0, 0, 0, 0, 0, 0, 0, 0, 0, 0, 0, 0, 0, 0, 0, 0, 0, 0, 0, 0, 0, 0, 0, 0, 0, 0, None, ]
[0.05229477, 0, 0, 0, 0, 0.1, 0.363898, 0, 0, 0, 0.38, 0, 0, 0, 0, 0, 0, 0, 0, 0, 0, 0, 0, 0, 0, 0, 0, 0, 0, 0, 0, 0, 0, 0, 0, 0, 0, 0, 0, 0, 0, 0, 0, 0, 0, 0, 0, 0, 0, 0, 0, 0, 0, 0, 0, 0, 0, 0, 0, 0, 0, 0, 0, 0, None, ]
[0.08345145402, 0, 0, 0, 0, 0.1, 0.4655044, 0, 0, 0, 0.542, 0, 0, 0, 0, 0, 0, 0, 0, 0, 0.3, 0, 0, 0, 0, 0, 0, 0, 0, 0, 0, 0, 0, 0, 0, 0, 0, 0, 0, 0, 0, 0, 0, 0, 0, 0, 0, 0, 0, 0, 0, 0, 0, 0, 0, 0, 0, 0, 0, 0, 0, 0, 0, 0, None, ]
[0.121652093574, 0, 0, 0, 0, 0.1, 0.57314854, 0, 0, 0, 0.717797, 0, 0, 0, 0, 0, 0, 0, 0, 0, 0.57, 0, 0, 0, 0, 0, 0, 0, 0, 0, 0, 0, 0, 0, 0, 0, 0, 0, 0, 0, 0, 0, 0, 0, 0, 0, 0, 0, 0, 0, 0, 0, 0, 0, 0, 0, 0, 0, 0, 0, 0, 0, 0, 0, None, ]
[0.166796006731, 0, 0, 0, 0, 0.1, 0.68760620803, 0, 0, 0, 0.9030116, 0, 0, 0, 0, 0, 0, 0, 0, 0, 0.813, 0, 0, 0, 0, 0, 0, 0, 0, 0, 0, 0, 0, 0.4, 0, 0, 0, 0, 0, 0, 0, 0, 0, 0, 0, 0, 0, 0, 0, 0, 0, 0, 0, 0, 0, 0, 0, 0, 0, 0, 0, 0, 0, 0, None, ]
Policy - [5, 4, 2, 0, 0, 0, 0, 0, 0, 4, 1, 0, 0, 0, 0, 0, 0, 0, 0, 0, 5, 0, 0, 0, 0, 0, 0, 0, 0, 0, 0, 0, 3, 1, 0, 0, 0, 0, 0, 0, 0, 0, 0, 0, 0, 1, 0, 0, 0, 0, 0, 0, 0, 0, 0, 0, 0, 0, 0, 0, 0, 0, 0, 0, 1, ]
[0.218870150799, 0, 0, 0, 0, 0.1, 0.809137717111, 0, 0, 0, 1.09400231, 0, 0, 0, 0, 0, 0, 0, 0, 0, 1.071696, 0, 0, 0, 0, 0, 0, 0, 0, 0, 0, 0, 0, 0.76, 0, 0, 0, 0, 0, 0, 0, 0, 0, 0, 0, 0, 0, 0, 0, 0, 0, 0, 0, 0, 0, 0, 0, 0, 0, 0, 0, 0, 0, 0, None, ]
[0.277888816053, 0, 0, 0, 0, 0.1, 0.937613236377, 0, 0, 0, 1.29176096204, 0, 0, 0, 0, 0, 0, 0, 0, 0, 1.3405188, 0, 0, 0, 0, 0, 0, 0, 0, 0, 0, 0, 0, 1.084, 0, 0, 0, 0, 0, 0, 0, 0, 0, 0, 0, 0.5, 0, 0, 0, 0, 0, 0, 0, 0, 0, 0, 0, 0, 0, 0, 0, 0, 0, 0, None, ]
[0.343851881953, 0, 0, 0, 0, 0.1, 1.07301509133, 0, 0, 0, 1.49662334065, 0, 0, 0, 0, 0, 0, 0, 0, 0, 1.61485608, 0, 0, 0, 0, 0, 0, 0, 0, 0, 0, 0, 0, 1.425595, 0, 0, 0, 0, 0, 0, 0, 0, 0, 0, 0, 0.95, 0, 0, 0, 0, 0, 0, 0.6, 0, 0, 0, 0, 0, 0, 0, 0, 0, 0, 0, None, ]
[0.41675747274, 0, 0, 0, 0, 0.1, 1.21536095003, 0, 0, 0, 1.70843046602, 0, 0, 0, 0, 0, 0, 0, 0, 0, 1.89591571605, 0, 0, 0, 0, 0, 0, 0, 0, 0, 0, 0, 0, 1.778026, 0, 0, 0, 0, 0, 0, 0, 0, 0, 0, 0, 1.414994, 0, 0, 0, 0, 0, 0, 1.14, 0, 0, 0, 0, 0, 0, 0, 0, 0, 0, 0, None, ]
[0.49660566686, 0, 0, 0, 0, 0.1, 1.36465081733, 0, 0, 0, 1.92716003187, 0, 0, 0, 0, 0, 0, 0, 0, 0, 2.18410896419, 0, 0, 0, 0, 0, 0, 0, 0, 0, 0, 0, 0, 2.14170865006, 0, 0, 0, 0, 0, 0, 0, 0, 0, 0, 0, 1.8874832, 0, 0, 0, 0, 0, 0, 1.626, 0, 0, 0, 0, 0, 0, 0, 0, 0, 0, 0, None, ]
[0.583396535398, 0, 0, 0, 0, 0.1, 1.52088246718, 0, 0, 0, 2.15283308401, 0, 0, 0, 0, 0, 0, 0, 0, 0, 2.47984751569, 0, 0, 0, 0, 0, 0, 0, 0, 0, 0, 0, 0, 2.51626723022, 0, 0, 0, 0, 0, 0, 0, 0, 0, 0, 0, 2.36131862, 0, 0, 0, 0, 0, 0, 2.0634, 0, 0, 0.7, 0, 0, 0, 0, 0, 0, 0, 0, None, ]
[0.677129919752, 0, 0, 0, 0, 0.1, 1.68405600053, 0, 0, 0, 2.3855097287, 0, 0, 0, 0, 0, 0, 0, 0, 0, 2.78346432447, 0, 0, 0, 0, 0, 0, 0, 0, 0, 0, 0, 0, 2.90074875601, 0, 0, 0, 0, 0, 0, 0, 0, 0, 0, 0, 2.831506124, 0, 0, 0, 0, 0, 0, 2.527053, 0, 0, 1.33, 0, 0, 0, 0, 0, 0, 0, 0, None, ]
[0.77780568727, 0, 0, 0, 0, 0.1, 1.85417751825, 0, 0, 0, 2.62527735364, 0, 0, 0, 0, 0, 0, 0, 0, 0, 3.09516376013, 0, 0, 0, 0, 0, 0, 0, 0, 0, 0, 0, 0, 3.29379617775, 0, 0, 0, 0, 0, 0, 0, 0, 0, 0, 0, 3.30103554107, 0, 0, 0, 0, 0, 0, 3.0073344, 0, 0, 1.897, 0, 0, 0, 0, 0, 0, 0, 0, None, ]
[0.885424328593, 0, 0, 0, 0, 0.1, 2.03126124902, 0, 0, 0, 2.87223504265, 0, 0, 0, 0, 0, 0, 0, 0, 0, 3.41499406393, 0, 0, 0, 0, 0, 0, 0, 0, 0, 0, 0, 0, 3.69448710373, 0, 0, 0, 0, 0, 0, 0, 0, 0, 0, 0, 3.77163535362, 0, 0, 0, 0, 0, 0, 3.49628199, 0, 0, 2.4073, 0.8, 0, 0, 0, 0, 0, 0, 0, None, ]
[0.999987708023, 0, 0, 0, 0, 0.1, 2.21532990603, 0, 0, 0, 3.12647679484, 0, 0, 0, 0, 0, 0, 0, 0, 0, 3.74290642304, 0, 0, 0, 0, 0, 0, 0, 0, 0, 0, 0, 0, 4.10216421236, 0, 0, 0, 0, 0, 0, 0, 0, 0, 0, 0, 4.24406505444, 0, 0, 0, 0, 0, 0, 3.987359718, 0, 0, 2.946562, 1.52, 0, 0, 0, 0, 0, 0, 0, None, ]
Policy - [5, 4, 2, 0, 0, 0, 0, 0, 0, 4, 1, 0, 0, 0, 0, 0, 0, 0, 0, 0, 5, 0, 0, 0, 0, 0, 0, 0, 0, 0, 0, 0, 3, 1, 0, 0, 0, 0, 0, 0, 0, 0, 0, 0, 0, 2, 0, 0, 0, 0, 0, 0, 5, 0, 0, 3, 5, 4, 3, 0, 0, 0, 0, 0, 2, ]
[1.12149977452, 0, 0, 0, 0, 0.1, 2.40641333014, 0, 0, 0, 3.38808232859, 0, 0, 0, 0, 0, 0, 0, 0, 0, 4.07879118033, 0, 0, 0, 0, 0, 0, 0, 0, 0, 0, 0, 0, 4.51631185592, 0, 0, 0, 0, 0, 0, 0, 0, 0, 0, 0, 4.7183546472, 0, 0, 0, 0, 0, 0, 4.48325048058, 0, 0, 3.5038906, 2.168, 0, 0, 0, 0, 0, 0, 0, None, ]
[1.24996706595, 0, 0, 0, 0, 0.1, 2.60454634916, 0, 0, 0, 3.65711242585, 0, 0, 0, 0, 0, 0, 0, 0, 0, 4.42249808477, 0, 0, 0, 0, 0, 0, 0, 0, 0, 0, 0, 0, 4.9364689515, 0, 0, 0, 0, 0, 0, 0, 0, 0, 0, 0, 5.19479939803, 0, 0, 0, 0, 0, 0, 4.98527945362, 0, 0, 4.07027986, 2.7512, 0, 0, 0, 0, 0, 0, 0, None, ]
[1.38539894881, 0, 0, 0, 0, 0.1, 2.80976638571, 0, 0, 0, 3.93360676677, 0, 0, 0, 0, 0, 0, 0, 0, 0, 4.77384580676, 0, 0, 0, 0, 0, 0, 0, 0, 0, 0, 0, 0, 5.36225004816, 0, 0, 0, 0, 0, 0, 0, 0, 0, 0, 0, 5.67379755079, 0, 0, 0, 0, 0, 0, 5.49373879146, 0, 0, 4.638344362, 3.27608, 0, 0, 0, 0, 0, 0, 0, None, ]
[1.52780759484, 0, 0, 0, 0, 0.1, 3.02211108775, 0, 0, 0, 4.21758293231, 0, 0, 0, 0, 0, 0, 0, 0, 0, 5.1326326084, 0, 0, 0, 0, 0, 0, 0, 0, 0, 0, 0, 0, 5.79334806045, 0, 0, 0, 0, 0, 0, 0, 0, 0, 0, 0, 6.15573673747, 0, 0, 0, 0, 0, 0, 6.00815296507, 0, 0, 5.202085165, 3.748472, 0, 0, 0, 0, 0, 0, 0, None, ]
[1.67720772302, 0, 0, 0, 0, 0.1, 3.24161609637, 0, 0, 0, 4.50903657359, 0, 0, 0, 0, 0, 0, 0, 0, 0, 5.49864622012, 0, 0, 0, 0, 0, 0, 0, 0, 0, 0, 0, 0, 6.22952537078, 0, 0, 0, 0, 0, 0, 0, 0, 0, 0, 0, 6.6409182787, 0, 0, 0, 0, 0, 0, 6.52749416421, 0, 0, 5.75668636378, 3.6137457935, 0, -5.59935, 0, 0, 0, 0, 0, None, ]
[1.83361614419, 0, 0, 0, 0, 0.1, 3.46831305373, 0, 0, 0, 4.80794255178, 0, 0, 0, 0, 0, 0, 0, 0, 0, 5.87167183993, 0, 0, 0, 0, 0, 0, 0, 0, 0, 0, 0, 0, 6.67059825239, 0, 0, 0, 0, 0, 0, 0, 0, 0, 0, 0, 7.12951059231, 0, 0, 0, 0, 0, 0, 7.0503558173, 0, 0, 6.24235616929, 3.49249220765, 0, -5.59935, 0, 0, 0, 0, 0, None, ]
[1.99705115201, 0, 0, 0, 0, 0.1, 3.70222792411, 0, 0, 0, 5.11425676388, 0, 0, 0, 0, 0, 0, 0, 0, 0, 6.2514977752, 0, 0, 0, 0, 0, 0, 0, 0, 0, 0, 0, 0, 7.11641819128, 0, 0, 0, 0, 0, 0, 0, 0, 0, 0, 0, 7.62152461125, 0, 0, 0, 0, 0, 0, 7.56949342894, 0, 0, 6.66733484821, 3.38336398039, 0, -5.59935, 0, 0, 0, 0, 0, None, ]
[2.16753180694, 0, 0, 0, 0, 0.1, 3.94337966552, 0, 0, 0, 5.42791835003, 0, 0, 0, 0, 0, 0, 0, 0, 0, 6.63791865262, 0, 0, 0, 0, 0, 0, 0, 0, 0, 0, 0, 0, 7.56685261803, 0, 0, 0, 0, 0, 0, 0, 0, 0, 0, 0, 8.11624579809, 0, 0, 0, 0, 0, 0, 8.07921089752, 0, 0, 7.03890392779, 3.28514857585, 0, -5.59935, 0, 0, 0, 0, 0, None, ]
[2.34507715901, 0, 0, 0, 0, 0.1, 4.19177925479, 0, 0, 0, 5.7488520011, 0, 0, 0, 0, 0, 0, 0, 0, 0, 7.03073638064, 0, 0, 0, 0, 0, 0, 0, 0, 0, 0, 0, 0, 8.02171077358, 0, 0, 0, 0, 0, 0, 0, 0, 0, 0, 0, 8.61246151592, 0, 0, 0, 0, 0, 0, 8.57510981151, 0, 0, 7.36349554111, 3.19675471176, 0, -5.59935, 0, 0, 0, 0, 0, None, ]
[2.52970545079, 0, 0, 0, 0, 0.1, 4.4474290409, 0, 0, 0, 6.07697013169, 0, 0, 0, 0, 0, 0, 0, 0, 0, 7.42975360282, 0, 0, 0, 0, 0, 0, 0, 0, 0, 0, 0, 0, 8.4806997232, 0, 0, 0, 0, 0, 0, 0, 0, 0, 0, 0, 9.10864059438, 0, 0, 0, 0, 0, 0, 9.05387474951, 0, 0, 7.64678949062, 3.11720023409, 0, -10.638765, 0, 0, 0, 0, 0, None, ]
Policy - [5, 4, 2, 0, 0, 0, 0, 0, 0, 4, 1, 0, 0, 0, 0, 0, 0, 0, 0, 0, 5, 0, 0, 0, 0, 0, 0, 0, 0, 0, 0, 0, 3, 1, 0, 0, 0, 0, 0, 0, 0, 0, 0, 0, 0, 2, 0, 0, 0, 0, 0, 0, 5, 0, 0, 3, 5, 4, 5, 0, 0, 0, 0, 0, 0, ]
[2.72143333551, 0, 0, 0, 0, 0.1, 4.71032238028, 0, 0, 0, 6.41217418127, 0, 0, 0, 0, 0, 0, 0, 0, 0, 7.83476340786, 0, 0, 0, 0, 0, 0, 0, 0, 0, 0, 0, 0, 8.94340272391, 0, 0, 0, 0, 0, 0, 0, 0, 0, 0, 0, 9.60307347115, 0, 0, 0, 0, 0, 0, 9.51308975573, 0, 0, 7.89379939297, 2.54171009833, 0, -10.638765, 0, 0, 0, 0, 0, None, ]
[2.92027513676, 0, 0, 0, 0, 0.1, 4.98044343863, 0, 0, 0, 6.7543547563, 0, 0, 0, 0, 0, 0, 0, 0, 0, 8.24553790544, 0, 0, 0, 0, 0, 0, 0, 0, 0, 0, 0, 0, 9.4092737679, 0, 0, 0, 0, 0, 0, 0, 0, 0, 0, 0, 10.0939799687, 0, 0, 0, 0, 0, 0, 9.95108178146, 0, 0, 8.0585650464, 2.02376897614, 0, -10.638765, 0, 0, 0, 0, 0, None, ]
[3.12624216252, 0, 0, 0, 0, 0.1, 5.25776702685, 0, 0, 0, 7.10339061583, 0, 0, 0, 0, 0, 0, 0, 0, 0, 8.66181739895, 0, 0, 0, 0, 0, 0, 0, 0, 0, 0, 0, 0, 9.87764344818, 0, 0, 0, 0, 0, 0, 0, 0, 0, 0, 0, 10.5795906392, 0, 0, 0, 0, 0, 0, 10.3617495223, 0, 0, 8.15506520169, 1.55762196618, 0, -10.638765, 0, 0, 0, 0, 0, None, ]
[3.33934207128, 0, 0, 0, 0, 0.1, 5.54225835184, 0, 0, 0, 7.45914667597, 0, 0, 0, 0, 0, 0, 0, 0, 0, 9.08330122744, 0, 0, 0, 0, 0, 0, 0, 0, 0, 0, 0, 0, 10.3477323714, 0, 0, 0, 0, 0, 0, 0, 0, 0, 0, 0, 11.05770291, 0, 0, 0, 0, 0, 0, 10.7409995396, 0, 0, 8.19530530192, 1.13808965721, 0, -10.638765, 0, 0, 0, 0, 0, None, ]
[3.55957827675, 0, 0, 0, 0, 0.1, 5.83387259279, 0, 0, 0, 7.8214712981, 0, 0, 0, 0, 0, 0, 0, 0, 0, 9.50964086451, 0, 0, 0, 0, 0, 0, 0, 0, 0, 0, 0, 0, 10.8186188482, 0, 0, 0, 0, 0, 0, 0, 0, 0, 0, 0, 11.5259251629, 0, 0, 0, 0, 0, 0, 11.0863481628, 0, 0, 8.18957235655, 0.760510579141, 0, -10.638765, 0, 0, 0, 0, 0, None, ]
[3.78694936963, 0, 0, 0, 0, 0.1, 6.13255424861, 0, 0, 0, 8.19019315834, 0, 0, 0, 0, 0, 0, 0, 0, 0, 9.94043047669, 0, 0, 0, 0, 0, 0, 0, 0, 0, 0, 0, 0, 11.2892342204, 0, 0, 0, 0, 0, 0, 0, 0, 0, 0, 0, 11.9818565994, 0, 0, 0, 0, 0, 0, 11.3965886864, 0, 0, 8.1466585737, 0.420689408877, 0, -15.1742385, 0, 0, 0, 0, 0, None, ]
[4.02144853199, 0, 0, 0, 0, 0.1, 6.43823623765, 0, 0, 0, 8.56511748587, 0, 0, 0, 0, 0, 0, 0, 0, 0, 10.3751979587, 0, 0, 0, 0, 0, 0, 0, 0, 0, 0, 0, 0, 11.7583766398, 0, 0, 0, 0, 0, 0, 0, 0, 0, 0, 0, 12.4232158423, 0, 0, 0, 0, 0, 0, 11.6715142086, 0, 0, 8.07405745033, 0, 0, -15.1742385, 0, 0, 0, 0, 0, None, ]
[4.26306292019, 0, 0, 0, 0, 0.1, 6.7508387113, 0, 0, 0, 8.94602178117, 0, 0, 0, 0, 0, 0, 0, 0, 0, 10.8133982431, 0, 0, 0, 0, 0, 0, 0, 0, 0, 0, 0, 0, 12.2247363279, 0, 0, 0, 0, 0, 0, 0, 0, 0, 0, 0, 12.8479289637, 0, 0, 0, 0, 0, 0, 11.9116877922, 0, 0, 7.96665170529, 0, 0, -15.1742385, 0, 0, 0, 0, 0, None, ]
[4.51177299091, 0, 0, 0, 0, 0.1, 7.07026755807, 0, 0, 0, 9.33265129338, 0, 0, 0, 0, 0, 0, 0, 0, 0, 11.2544098042, 0, 0, 0, 0, 0, 0, 0, 0, 0, 0, 0, 0, 12.6869271122, 0, 0, 0, 0, 0, 0, 0, 0, 0, 0, 0, 13.2541857297, 0, 0, 0, 0, 0, 0, 12.117104517, 0, 0, 7.86998653476, 0.8, 0, -15.1742385, 0, 0, 0, 0, 0, None, ]
[4.76755174495, 0, 0, 0, 0, 0.1, 7.39641260508, 0, 0, 0, 9.72471460036, 0, 0, 0, 0, 0, 0, 0, 0, 0, 11.6975346657, 0, 0, 0, 0, 0, 0, 0, 0, 0, 0, 0, 0, 13.1435204321, 0, 0, 0, 0, 0, 0, 0, 0, 0, 0, 0, 13.6403564374, 0, 0, 0, 0, 0, 0, 12.2923140189, 0, 0, 7.86297988129, 1.52, 0, -15.1742385, 0, 0, 0, 0, 0, None, ]
Policy - [5, 4, 2, 0, 0, 0, 0, 0, 0, 4, 1, 0, 0, 0, 0, 0, 0, 0, 0, 0, 5, 0, 0, 0, 0, 0, 0, 0, 0, 0, 0, 0, 3, 1, 0, 0, 0, 0, 0, 0, 0, 0, 0, 0, 0, 2, 0, 0, 0, 0, 0, 0, 5, 0, 0, 3, 6, 4, 4, 4, 0, 0, 0, 0, 7, ]
[5.03036386684, 0, 0, 0, 0, 0.1, 7.72914555747, 0, 0, 0, 10.1218796315, 0, 0, 0, 0, 0, 0, 0, 0, 0, 12.1420018071, 0, 0, 0, 0, 0, 0, 0, 0, 0, 0, 0, 0, 13.593067629, 0, 0, 0, 0, 0, 0, 0, 0, 0, 0, 0, 14.0054292724, 0, 0, 0, 0, 0, 0, 12.4493019753, 0, 0, 7.92866669316, 2.168, 0, -15.1742385, 0.9, 0, 0, 0, 0, None, ]
[5.30016474445, 0, 0, 0, 0, 0.1, 8.06831774608, 0, 0, 0, 10.5237704291, 0, 0, 0, 0, 0, 0, 0, 0, 0, 12.5869724586, 0, 0, 0, 0, 0, 0, 0, 0, 0, 0, 0, 0, 14.0341637391, 0, 0, 0, 0, 0, 0, 0, 0, 0, 0, 0, 14.3496920497, 0, 0, 0, 0, 0, 0, 12.5971591604, 0, 0, 8.05257834384, 2.841191, 0, -15.1742385, 1.71, 0, 0, 0, 0, None, ]
[5.57689936143, 0, 0, 0, 0, 0.1, 8.41375777667, 0, 0, 0, 10.9299647623, 0, 0, 0, 0, 0, 0, 0, 0, 0, 13.031551245, 0, 0, 0, 0, 0, 0, 0, 0, 0, 0, 0, 0, 14.4655730732, 0, 0, 0, 0, 0, 0, 0, 0, 0, 0, 0, 14.6743127892, 0, 0, 0, 0, 0, 0, 12.742620553, 0, 0, 8.23141119755, 3.5280548, 0, -15.1742385, 2.439, 0, 0, 0, 0, None, ]
[5.86050106538, 0, 0, 0, 0, 0.1, 8.76526917559, 0, 0, 0, 11.3399930951, 0, 0, 0, 0, 0, 0, 0, 0, 0, 13.4748087721, 0, 0, 0, 0, 0, 0, 0, 0, 0, 0, 0, 0, 14.8863003017, 0, 0, 0, 0, 0, 0, 0, 0, 0, 0, 0, 14.9810161393, 0, 0, 0, 0, 0, 0, 12.8914173033, 0, 0, 8.46104027725, 4.21912493, 0, -15.1742385, 3.0951, 0, 0, 0, 0, None, ]
[6.15089022371, 0, 0, 0, 0, 0.1, 9.12262816761, 0, 0, 0, 11.7533399147, 0, 0, 0, 0, 0, 0, 0, 0, 0, 13.9158090621, 0, 0, 0, 0, 0, 0, 0, 0, 0, 0, 0, 0, 15.2956220753, 0, 0, 0, 0, 0, 0, 0, 0, 0, 0, 0, 15.2719273416, 0, 0, 0, 0, 0, 0, 13.0482949903, 0, 0, 8.73680655127, 4.906691486, 0, -15.1742385, 3.68559, 1.0, 0, 0, 0, None, ]
[6.44797279182, 0, 0, 0, 0, 0.1, 9.48558180892, 0, 0, 0, 12.1694476713, 0, 0, 0, 0, 0, 0, 0, 0, 0, 14.3536374072, 0, 0, 0, 0, 0, 0, 0, 0, 0, 0, 0, 0, 15.6930998826, 0, 0, 0, 0, 0, 0, 0, 0, 0, 0, 0, 15.5494336235, 0, 0, 0, 0, 0, 0, 13.2170587784, 0, 0, 9.05374597783, 5.5845444815, 0, -15.1742385, 4.317021, 1.9, 7.0994, 0, 0, None, ]
[6.75163883771, 0, 0, 0, 0, 0.1, 9.85384670068, 0, 0, 0, 12.5877231086, 0, 0, 0, 0, 0, 0, 0, 0, 0, 14.7874267237, 0, 0, 0, 0, 0, 0, 0, 0, 0, 0, 0, 0, 16.0785777624, 0, 0, 0, 0, 0, 0, 0, 0, 0, 0, 0, 15.8160639684, 0, 0, 0, 0, 0, 0, 13.4006369608, 0, 0, 9.40676998275, 6.25774896314, 0, -15.1742385, 4.9752999, 3.419869006, 13.48886, 0, 0, None, ]
[7.06176108554, 0, 0, 0, 0, 0.1, 10.2271084642, 0, 0, 0, 13.0075455958, 0, 0, 0, 0, 0, 0, 0, 0, 0, 15.2163810418, 0, 0, 0, 0, 0, 0, 0, 0, 0, 0, 0, 0, 16.4521682223, 0, 0, 0, 0, 0, 0, 0, 0, 0, 0, 0, 16.0743872613, 0, 0, 0, 0, 0, 0, 13.6011561953, 0, 0, 9.7918053033, 6.92945430383, 0, -15.1742385, 5.71972261191, 5.4266332168, 19.239374, 0, 0, None, ]
[7.37819355232, 0, 0, 0, 0, 0.1, 10.6050221019, 0, 0, 0, 13.4282769766, 0, 0, 0, 0, 0, 0, 0, 0, 0, 15.6397952382, 0, 0, 0, 0, 0, 0, 0, 0, 0, 0, 0, 0, 16.8142293824, 0, 0, 0, 0, 0, 0, 0, 0, 0, 0, 0, 16.3269281431, 0, 0, 0, 0, 0, 0, 13.8201231881, 0, 0, 10.2055009088, 7.60842393741, 0, -15.1742385, 6.59035940607, 7.80771490138, 24.4148366, 0, 0, None, ]
[7.70077035707, 0, 0, 0, 0, 0.1, 10.9872133066, 0, 0, 0, 13.8492724048, 0, 0, 0, 0, 0, 0, 0, 0, 0, 16.0570705103, 0, 0, 0, 0, 0, 0, 0, 0, 0, 0, 0, 0, 17.1653359892, 0, 0, 0, 0, 0, 0, 0, 0, 0, 0, 0, 16.5761094464, 0, 0, 0, 0, 0, 0, 14.0585589051, 0, 0, 10.6457171274, 8.30655158068, 0, -15.1742385, 7.61201687845, 10.4681829229, 29.07275294, 0, 0, None, ]
Policy - [5, 4, 2, 0, 0, 0, 0, 0, 0, 4, 1, 0, 0, 0, 0, 0, 0, 0, 0, 0, 5, 0, 0, 0, 0, 0, 0, 0, 0, 0, 0, 0, 3, 1, 0, 0, 0, 0, 0, 0, 0, 0, 0, 0, 0, 2, 0, 0, 0, 0, 0, 0, 5, 0, 0, 3, 6, 4, 4, 4, 5, 6, 0, 0, 4, ]
[8.02930477989, 0, 0, 0, 0, 0.1, 11.3732807237, 0, 0, 0, 14.2698916446, 0, 0, 0, 0, 0, 0, 0, 0, 0, 16.4677254048, 0, 0, 0, 0, 0, 0, 0, 0, 0, 0, 0, 0, 17.5062475738, 0, 0, 0, 0, 0, 0, 0, 0, 0, 0, 0, 16.8242138067, 0, 0, 0, 0, 0, 0, 14.3171682702, 0, 0, 11.1117175072, 9.03702199029, 0, -15.1742385, 8.79752880106, 13.3283491971, 33.264877646, 0, 0, None, ]
[8.36358864147, 0, 0, 0, 0, 0.1, 11.7627991169, 0, 0, 0, 14.6895103434, 0, 0, 0, 0, 0, 0, 0, 0, 0, 16.8714025593, 0, 0, 0, 0, 0, 0, 0, 0, 0, 0, 0, 0, 17.8378759549, 0, 0, 0, 0, 0, 0, 0, 0, 0, 0, 0, 17.0733660813, 0, 0, 0, 0, 0, 0, 14.5965120767, 0, 0, 11.6041575853, 9.81298469608, 0, -15.1742385, 10.1504775572, 16.3216693932, 37.0377898814, 0, 0, None, ]
[8.70339206102, 0, 0, 0, 0, 0.1, 12.1553233445, 0, 0, 0, 15.107530851, 0, 0, 0, 0, 0, 0, 0, 0, 0, 17.2678715201, 0, 0, 0, 0, 0, 0, 0, 0, 0, 0, 0, 0, 18.1612542339, 0, 0, 0, 0, 0, 0, 0, 0, 0, 0, 0, 17.3255347158, 0, 0, 0, 0, 0, 0, 14.897160586, 0, 0, 12.1249421666, 10.6466324774, 0, -15.1742385, 11.6674335241, 19.3929110641, 40.4334108933, 0, 0, None, ]
[9.04846363613, 0, 0, 0, 0, 0.1, 12.5503930198, 0, 0, 0, 15.5233922392, 0, 0, 0, 0, 0, 0, 0, 0, 0, 17.6570281789, 0, 0, 0, 0, 0, 0, 0, 0, 0, 0, 0, 0, 18.4775090267, 0, 0, 0, 0, 0, 0, 0, 0, 0, 0, 0, 17.5825483312, 0, 0, 0, 0, 0, 0, 15.2198174946, 0, 0, 12.6770047313, 11.5485959077, 0, -15.1742385, 13.339787349, 22.4965567129, 43.4894698039, 0, 0, None, ]
[9.39853107057, 0, 0, 0, 0, 0.1, 12.9475377078, 0, 0, 0, 15.9365792629, 0, 0, 0, 0, 0, 0, 0, 0, 0, 18.0388914886, 0, 0, 0, 0, 0, 0, 0, 0, 0, 0, 0, 0, 18.7878371317, 0, 0, 0, 0, 0, 0, 0, 0, 0, 0, 0, 17.8461230493, 0, 0, 0, 0, 0, 0, 15.5654094483, 0, 0, 13.264048363, 12.527581654, 0, -15.1742385, 15.1552393198, 25.5954131273, 46.2399228235, 0, 0, None, ]
[9.75330225891, 0, 0, 0, 0, 0.1, 13.3462824975, 0, 0, 0, 16.3466300965, 0, 0, 0, 0, 0, 0, 0, 0, 0, 18.4135981745, 0, 0, 0, 0, 0, 0, 0, 0, 0, 0, 0, 0, 19.0934872622, 0, 0, 0, 0, 0, 0, 0, 0, 0, 0, 0, 18.1178960351, 0, 0, 0, 0, 0, 0, 15.9351406993, 0, 0, 13.8902764163, 13.5901958682, 0, -15.1742385, 17.0990007464, 28.6594016977, 48.7153305412, 0, 0, None, ]
[10.1124668199, 0, 0, 0, 0, 0.1, 13.7461537911, 0, 0, 0, 16.7531427683, 0, 0, 0, 0, 0, 0, 0, 0, 0, 18.7813961484, 0, 0, 0, 0, 0, 0, 0, 0, 0, 0, 0, 0, 19.3957469606, 0, 0, 0, 0, 0, 0, 0, 0, 0, 0, 0, 18.3994611501, 0, 0, 0, 0, 0, 0, 16.3305153682, 0, 0, 14.5601324595, 14.740905366, 0, -15.1742385, 19.1547542475, 31.6645074287, 50.9431974871, 0, 0, None, ]
[10.4756980555, 0, 0, 0, 0, 0.1, 14.1466851574, 0, 0, 0, 17.1557802924, 0, 0, 0, 0, 0, 0, 0, 0, 0, 19.1426372722, 0, 0, 0, 0, 0, 0, 0, 0, 0, 0, 0, 0, 19.6959343849, 0, 0, 0, 0, 0, 0, 0, 0, 0, 0, 0, 18.6924032668, 0, 0, 0, 0, 0, 0, 16.753331476, 0, 0, 15.2780623411, 15.9820987066, 0, -15.1742385, 21.3054129206, 34.5918670026, 52.9482777384, 0, 0, None, ]
[10.8426552989, 0, 0, 0, 0, 0.1, 14.5474231131, 0, 0, 0, 17.554274564, 0, 0, 0, 0, 0, 0, 0, 0, 0, 19.4977700241, 0, 0, 0, 0, 0, 0, 0, 0, 0, 0, 0, 0, 19.9953943491, 0, 0, 0, 0, 0, 0, 0, 0, 0, 0, 0, 18.9983285544, 0, 0, 0, 0, 0, 0, 17.2056517819, 0, 0, 16.0483061567, 17.3142170739, 0, -15.1742385, 23.5337124101, 37.4269785934, 54.7528499645, 0, 0, None, ]
[11.2129866061, 0, 0, 0, 0, 0.1, 14.9479327155, 0, 0, 0, 17.9484291323, 0, 0, 0, 0, 0, 0, 0, 0, 0, 19.8473325027, 0, 0, 0, 0, 0, 0, 0, 0, 0, 0, 0, 0, 20.2954977863, 0, 0, 0, 0, 0, 0, 0, 0, 0, 0, 0, 19.3188888206, 0, 0, 0, 0, 0, 0, 17.6897567363, 0, 0, 16.8747241062, 18.7359312704, 0, -15.1742385, 25.8226647587, 40.159018202, 56.3769649681, 0, 0, None, ]
Policy - [5, 4, 2, 0, 0, 0, 0, 0, 0, 4, 1, 0, 0, 0, 0, 0, 0, 0, 0, 0, 5, 0, 0, 0, 0, 0, 0, 0, 0, 0, 0, 0, 3, 1, 0, 0, 0, 0, 0, 0, 0, 0, 0, 0, 0, 2, 0, 0, 0, 0, 0, 0, 5, 0, 0, 3, 6, 4, 4, 4, 5, 6, 0, 0, 4, ]
[11.5863317377, 0, 0, 0, 0, 0.1, 15.3478028728, 0, 0, 0, 18.338120996, 0, 0, 0, 0, 0, 0, 0, 0, 0, 20.1919460761, 0, 0, 0, 0, 0, 0, 0, 0, 0, 0, 0, 0, 20.5976437009, 0, 0, 0, 0, 0, 0, 0, 0, 0, 0, 0, 19.6557987146, 0, 0, 0, 0, 0, 0, 18.2080847261, 0, 0, 17.7606574633, 20.2443463926, 0, -15.1742385, 28.1558985128, 42.780249109, 57.8386684713, 0, 0, None, ]
[11.9623253732, 0, 0, 0, 0, 0.1, 15.746651304, 0, 0, 0, 18.7233015846, 0, 0, 0, 0, 0, 0, 0, 0, 0, 20.5323098621, 0, 0, 0, 0, 0, 0, 0, 0, 0, 0, 0, 0, 20.9032626443, 0, 0, 0, 0, 0, 0, 0, 0, 0, 0, 0, 20.0108452349, 0, 0, 0, 0, 0, 0, 18.7631643932, 0, 0, 18.7088239128, 21.8352200456, 0, -15.1742385, 30.5179057699, 45.2855126585, 59.1542016241, 0, 0, None, ]
[12.3406004997, 0, 0, 0, 0, 0.1, 16.144129099, 0, 0, 0, 19.1039970892, 0, 0, 0, 0, 0, 0, 0, 0, 0, 20.8691961077, 0, 0, 0, 0, 0, 0, 0, 0, 0, 0, 0, 0, 21.2138207949, 0, 0, 0, 0, 0, 0, 0, 0, 0, 0, 0, 20.3858895191, 0, 0, 0, 0, 0, 0, 19.3575432569, 0, 0, 19.7212451739, 23.503183439, 0, -15.1742385, 32.8942136037, 47.6717900131, 60.3381814617, 0, 0, None, ]
[12.7207919184, 0, 0, 0, 0, 0.1, 16.539924858, 0, 0, 0, 19.4803082991, 0, 0, 0, 0, 0, 0, 0, 0, 0, 21.2034464382, 0, 0, 0, 0, 0, 0, 0, 0, 0, 0, 0, 0, 21.5308238084, 0, 0, 0, 0, 0, 0, 0, 0, 0, 0, 0, 20.7828613175, 0, 0, 0, 0, 0, 0, 19.9937162362, 0, 0, 20.7992039685, 25.2419575133, 0, -15.1742385, 35.2714945267, 49.9378257761, 61.4037633156, 0, 0, None, ]
[13.1025398131, 0, 0, 0, 0, 0.1, 16.9337683991, 0, 0, 0, 19.8524100785, 0, 0, 0, 0, 0, 0, 0, 0, 0, 21.535968867, 0, 0, 0, 0, 0, 0, 0, 0, 0, 0, 0, 0, 21.8558197307, 0, 0, 0, 0, 0, 0, 0, 0, 0, 0, 0, 21.2037468722, 0, 0, 0, 0, 0, 0, 20.6740570174, 0, 0, 21.9432269034, 27.0445584997, 0, -15.1742385, 37.6376282734, 52.0838054924, 62.362786984, 0, 0, None, ]
[13.485493334, 0, 0, 0, 0, 0.1, 17.3254340429, 0, 0, 0, 20.2205505977, 0, 0, 0, 0, 0, 0, 0, 0, 0, 21.8677353952, 0, 0, 0, 0, 0, 0, 0, 0, 0, 0, 0, 0, 22.1904004074, 0, 0, 0, 0, 0, 0, 0, 0, 0, 0, 0, 21.6505711461, 0, 0, 0, 0, 0, 0, 21.4007545737, 0, 0, 23.1530896175, 28.9034891008, 0, -15.1742385, 39.9817251572, 54.1110800137, 63.2259082856, 0, 0, None, ]
[13.8693141505, 0, 0, 0, 0, 0.1, 17.7147434929, 0, 0, 0, 20.5850504001, 0, 0, 0, 0, 0, 0, 0, 0, 0, 22.1997799924, 0, 0, 0, 0, 0, 0, 0, 0, 0, 0, 0, 0, 22.5362009755, 0, 0, 0, 0, 0, 0, 0, 0, 0, 0, 0, 22.1253754813, 0, 0, 0, 0, 0, 0, 22.1757565472, 0, 0, 24.4278405309, 30.8109128892, 0, -15.1742385, 42.2941195321, 56.0219305818, 64.002717457, 0, 0, None, ]
[14.2536799373, 0, 0, 0, 0, 0.1, 18.1015683331, 0, 0, 0, 20.9463013615, 0, 0, 0, 0, 0, 0, 0, 0, 0, 22.5331967287, 0, 0, 0, 0, 0, 0, 0, 0, 0, 0, 0, 0, 22.8948971724, 0, 0, 0, 0, 0, 0, 0, 0, 0, 0, 0, 22.6301918304, 0, 0, 0, 0, 0, 0, 23.0007206672, 0, 0, 25.7658396576, 32.7588106123, 0, -15.1742385, 44.5663404178, 57.8193692422, 64.7018457113, 0, 0, None, ]
[14.6382877612, 0, 0, 0, 0, 0.1, 18.4858321729, 0, 0, 0, 21.3047655663, 0, 0, 0, 0, 0, 0, 0, 0, 0, 22.8691378241, 0, 0, 0, 0, 0, 0, 0, 0, 0, 0, 0, 0, 23.2682003362, 0, 0, 0, 0, 0, 0, 0, 0, 0, 0, 0, 23.1670147068, 0, 0, 0, 0, 0, 0, 23.8769749078, 0, 0, 27.164809165, 34.7391179294, 0, -15.1742385, 46.7910651065, 59.5069698706, 65.3310611402, 0, 0, None, ]
[15.0228573441, 0, 0, 0, 0, 0.1, 18.8675124646, 0, 0, 0, 21.6609741007, 0, 0, 0, 0, 0, 0, 0, 0, 0, 23.2088113933, 0, 0, 0, 0, 0, 0, 0, 0, 0, 0, 0, 0, 23.6578501031, 0, 0, 0, 0, 0, 0, 0, 0, 0, 0, 0, 23.7377719572, 0, 0, 0, 0, 0, 0, 24.8054866854, 0, 0, 28.6218926502, 36.7438447365, 0, -15.1742385, 48.9620605132, 61.088725687, 65.8973550262, 0, 0, None, ]
Policy - [5, 4, 2, 0, 0, 0, 0, 0, 0, 4, 1, 0, 0, 0, 0, 0, 0, 0, 0, 0, 5, 0, 0, 0, 0, 0, 0, 0, 0, 0, 0, 0, 3, 1, 0, 0, 0, 0, 0, 0, 0, 0, 0, 0, 0, 2, 0, 0, 0, 0, 0, 0, 5, 0, 0, 3, 6, 4, 4, 4, 5, 6, 0, 0, 4, ]
[15.407134181, 0, 0, 0, 0, 0.1, 19.2466420185, 0, 0, 0, 22.0155257418, 0, 0, 0, 0, 0, 0, 0, 0, 0, 23.5534786858, 0, 0, 0, 0, 0, 0, 0, 0, 0, 0, 0, 0, 24.0656049108, 0, 0, 0, 0, 0, 0, 0, 0, 0, 0, 0, 24.3442953751, 0, 0, 0, 0, 0, 0, 25.786841063, 0, 0, 30.1337204204, 38.7651766935, 0, -15.1742385, 51.0741161433, 62.5689296473, 66.4070195236, 0, 0, None, ]
[15.7908924983, 0, 0, 0, 0, 0.1, 19.6233102356, 0, 0, 0, 22.3690855014, 0, 0, 0, 0, 0, 0, 0, 0, 0, 23.9044506522, 0, 0, 0, 0, 0, 0, 0, 0, 0, 0, 0, 0, 24.4932305143, 0, 0, 0, 0, 0, 0, 0, 0, 0, 0, 0, 24.9882920755, 0, 0, 0, 0, 0, 0, 26.8212276615, 0, 0, 31.696478396, 40.7955598974, 0, -15.1742385, 53.1229718044, 63.9520745648, 66.8657175712, 0, 0, None, ]
[16.173938039, 0, 0, 0, 0, 0.1, 19.9976640713, 0, 0, 0, 22.722382972, 0, 0, 0, 0, 0, 0, 0, 0, 0, 24.2630837061, 0, 0, 0, 0, 0, 0, 0, 0, 0, 0, 0, 0, 24.9424867875, 0, 0, 0, 0, 0, 0, 0, 0, 0, 0, 0, 25.6713174218, 0, 0, 0, 0, 0, 0, 27.9084357702, 0, 0, 33.3059785905, 42.8277698584, 0, -15.1742385, 55.1052425597, 65.2427702082, 67.2785458141, 0, 0, None, ]
[16.5561106656, 0, 0, 0, 0, 0.1, 20.3699087375, 0, 0, 0, 23.0762104146, 0, 0, 0, 0, 0, 0, 0, 0, 0, 24.6307745894, 0, 0, 0, 0, 0, 0, 0, 0, 0, 0, 0, 0, 25.4151131378, 0, 0, 0, 0, 0, 0, 0, 0, 0, 0, 0, 26.3947501723, 0, 0, 0, 0, 0, 0, 29.0478569924, 0, 0, 34.9577294396, 44.8549660761, 0, -15.1742385, 57.0183428969, 66.4456749834, 67.6500912327, 0, 0, None, ]
[16.9372867737, 0, 0, 0, 0, 0.1, 20.7403081431, 0, 0, 0, 23.4314205243, 0, 0, 0, 0, 0, 0, 0, 0, 0, 25.0089542931, 0, 0, 0, 0, 0, 0, 0, 0, 0, 0, 0, 0, 25.9128128937, 0, 0, 0, 0, 0, 0, 0, 0, 0, 0, 0, 27.1597703758, 0, 0, 0, 0, 0, 0, 30.2384946599, 0, 0, 36.6470045536, 46.8707335747, 0, -15.1742385, 58.8604116488, 67.5654401074, 67.9844821094, 0, 0, None, ]
[17.3173815075, 0, 0, 0, 0, 0.1, 21.109185067, 0, 0, 0, 23.7889238116, 0, 0, 0, 0, 0, 0, 0, 0, 0, 25.399081025, 0, 0, 0, 0, 0, 0, 0, 0, 0, 0, 0, 0, 26.4372370442, 0, 0, 0, 0, 0, 0, 0, 0, 0, 0, 0, 27.9673404192, 0, 0, 0, 0, 0, 0, 31.4789791792, 0, 0, 38.3689087484, 48.869112778, 0, -15.1742385, 60.6302388402, 68.6066644628, 68.2854338985, 0, 0, None, ]
[17.6963507716, 0, 0, 0, 0, 0.1, 21.4769210523, 0, 0, 0, 24.1496855422, 0, 0, 0, 0, 0, 0, 0, 0, 0, 25.8026322546, 0, 0, 0, 0, 0, 0, 0, 0, 0, 0, 0, 0, 26.9899677083, 0, 0, 0, 0, 0, 0, 0, 0, 0, 0, 0, 28.8181895054, 0, 0, 0, 0, 0, 0, 32.767588447, 0, 0, 40.1184404602, 50.8446190818, 0, -15.1742385, 62.3271953358, 69.573858552, 68.5562905086, 0, 0, None, ]
[18.0741930305, 0, 0, 0, 0, 0.1, 21.8439560044, 0, 0, 0, 24.5147221871, 0, 0, 0, 0, 0, 0, 0, 0, 0, 26.2210959003, 0, 0, 0, 0, 0, 0, 0, 0, 0, 0, 0, 0, 27.5725017061, 0, 0, 0, 0, 0, 0, 0, 0, 0, 0, 0, 29.7128017237, 0, 0, 0, 0, 0, 0, 34.1022724639, 0, 0, 41.8905498762, 52.7922534353, 0, -15.1742385, 63.9511659189, 70.4714161848, 68.8000614578, 0, 0, None, ]
[18.4509508883, 0, 0, 0, 0, 0.1, 22.2107874754, 0, 0, 0, 24.8850973475, 0, 0, 0, 0, 0, 0, 0, 0, 0, 26.6559607558, 0, 0, 0, 0, 0, 0, 0, 0, 0, 0, 0, 0, 28.1862345799, 0, 0, 0, 0, 0, 0, 0, 0, 0, 0, 0, 30.651407775, 0, 0, 0, 0, 0, 0, 35.4806812996, 0, 0, 43.6801923095, 54.707505172, 0, -15.1742385, 65.5024862313, 71.3035927114, 69.019455312, 0, 0, None, ]
[18.8267124392, 0, 0, 0, 0, 0.1, 22.5779696117, 0, 0, 0, 25.2619171287, 0, 0, 0, 0, 0, 0, 0, 0, 0, 27.1087062759, 0, 0, 0, 0, 0, 0, 0, 0, 0, 0, 0, 0, 28.8324453853, 0, 0, 0, 0, 0, 0, 0, 0, 0, 0, 0, 31.6339803206, 0, 0, 0, 0, 0, 0, 36.9001955987, 0, 0, 45.4823765207, 56.5863482531, 0, -15.1742385, 66.9818838434, 72.0744887769, 69.2169097808, 0, 0, None, ]
Policy - [5, 4, 2, 0, 0, 0, 0, 0, 0, 4, 1, 0, 0, 0, 0, 0, 0, 0, 0, 0, 5, 0, 0, 0, 0, 0, 0, 0, 0, 0, 0, 0, 3, 1, 0, 0, 0, 0, 0, 0, 0, 0, 0, 0, 0, 2, 0, 0, 0, 0, 0, 0, 5, 0, 0, 3, 6, 4, 4, 4, 5, 6, 0, 0, 4, ]
[19.2016123767, 0, 0, 0, 0, 0.1, 22.9461117442, 0, 0, 0, 25.6463249563, 0, 0, 0, 0, 0, 0, 0, 0, 0, 27.5807918624, 0, 0, 0, 0, 0, 0, 0, 0, 0, 0, 0, 0, 29.512282539, 0, 0, 0, 0, 0, 0, 0, 0, 0, 0, 0, 32.6602328465, 0, 0, 0, 0, 0, 0, 38.3579588672, 0, 0, 47.2922078305, 58.4252319932, 0, -15.1742385, 68.3904235919, 72.7880387082, 69.3946188027, 0, 0, None, ]
[19.5758328523, 0, 0, 0, 0, 0.1, 23.3158766022, 0, 0, 0, 26.039495839, 0, 0, 0, 0, 0, 0, 0, 0, 0, 28.0736458072, 0, 0, 0, 0, 0, 0, 0, 0, 0, 0, 0, 0, 30.2267509675, 0, 0, 0, 0, 0, 0, 0, 0, 0, 0, 0, 33.729621869, 0, 0, 0, 0, 0, 0, 39.8509108414, 0, 0, 49.1049259944, 60.2210672489, 0, -15.1742385, 69.7294572231, 73.4480027715, 69.5545569224, 0, 0, None, ]
[19.9496040686, 0, 0, 0, 0, 0.1, 23.6879781309, 0, 0, 0, 26.4426300994, 0, 0, 0, 0, 0, 0, 0, 0, 0, 28.5886540557, 0, 0, 0, 0, 0, 0, 0, 0, 0, 0, 0, 0, 30.9767007614, 0, 0, 0, 0, 0, 0, 0, 0, 0, 0, 0, 34.8413522571, 0, 0, 0, 0, 0, 0, 41.3758213074, 0, 0, 50.9159379092, 61.9712089517, 0, -15.1742385, 71.0005772979, 74.057962641, 69.6985012302, 0, 0, None, ]
[20.323204595, 0, 0, 0, 0, 0.1, 24.0631789014, 0, 0, 0, 26.8569466085, 0, 0, 0, 0, 0, 0, 0, 0, 0, 29.1271489593, 0, 0, 0, 0, 0, 0, 0, 0, 0, 0, 0, 0, 31.7628174974, 0, 0, 0, 0, 0, 0, 0, 0, 0, 0, 0, 35.9943854039, 0, 0, 0, 0, 0, 0, 42.9293238082, 0, 0, 52.7208453014, 63.6734357806, 0, -15.1742385, 72.2055752526, 74.6213195149, 69.8280511072, 0, 0, None, ]
[20.6969613939, 0, 0, 0, 0, 0.1, 24.4422871027, 0, 0, 0, 27.2836755721, 0, 0, 0, 0, 0, 0, 0, 0, 0, 29.6903981849, 0, 0, 0, 0, 0, 0, 0, 0, 0, 0, 0, 0, 32.5856143442, 0, 0, 0, 0, 0, 0, 0, 0, 0, 0, 0, 37.1874499511, 0, 0, 0, 0, 0, 0, 44.5079487491, 0, 0, 54.5154676149, 65.325927672, 0, -15.1742385, 73.3464034656, 75.1412943936, 69.9446459965, 0, 0, None, ]
[21.0712495419, 0, 0, 0, 0, 0.1, 24.8261531129, 0, 0, 0, 27.7240509294, 0, 0, 0, 0, 0, 0, 0, 0, 0, 30.2795939447, 0, 0, 0, 0, 0, 0, 0, 0, 0, 0, 0, 0, 33.4454260304, 0, 0, 0, 0, 0, 0, 0, 0, 0, 0, 0, 38.4190547514, 0, 0, 0, 0, 0, 0, 46.108155481, 0, 0, 56.2958603614, 66.9272417873, 0, -15.1742385, 74.4251411455, 75.6209301075, 70.0495813968, 0, 0, None, ]
[21.4464916374, 0, 0, 0, 0, 0.1, 25.215665654, 0, 0, 0, 28.179302435, 0, 0, 0, 0, 0, 0, 0, 0, 0, 30.895842699, 0, 0, 0, 0, 0, 0, 0, 0, 0, 0, 0, 0, 34.342404712, 0, 0, 0, 0, 0, 0, 0, 0, 0, 0, 0, 39.6875037428, 0, 0, 0, 0, 0, 0, 47.7263630104, 0, 0, 58.0583292315, 68.4762874717, 0, -15.1742385, 75.4439638324, 76.0630947406, 70.1440232571, 0, 0, None, ]
[21.8231568824, 0, 0, 0, 0, 0.1, 25.6117475391, 0, 0, 0, 28.650647503, 0, 0, 0, 0, 0, 0, 0, 0, 0, 31.5401554763, 0, 0, 0, 0, 0, 0, 0, 0, 0, 0, 0, 0, 35.27651774, 0, 0, 0, 0, 0, 0, 0, 0, 0, 0, 0, 40.990912406, 0, 0, 0, 0, 0, 0, 49.3589790493, 0, 0, 59.7994402927, 69.9723006682, 0, -15.1742385, 76.4051162923, 76.470486152, 70.2290209314, 0, 0, None, ]
[22.2017598306, 0, 0, 0, 0, 0.1, 26.015351029, 0, 0, 0, 29.1392828987, 0, 0, 0, 0, 0, 0, 0, 0, 0, 32.2134389375, 0, 0, 0, 0, 0, 0, 0, 0, 0, 0, 0, 0, 36.2475472975, 0, 0, 0, 0, 0, 0, 0, 0, 0, 0, 0, 42.3272254805, 0, 0, 0, 0, 0, 0, 51.0024271792, 0, 0, 61.5160266072, 71.4148181794, 0, -15.1742385, 77.3108885734, 76.8456373397, 70.3055188383, 0, 0, None, ]
[22.582858797, 0, 0, 0, 0, 0.1, 26.4274528231, 0, 0, 0, 29.6463763682, 0, 0, 0, 0, 0, 0, 0, 0, 0, 32.916487298, 0, 0, 0, 0, 0, 0, 0, 0, 0, 0, 0, 0, 37.2550918435, 0, 0, 0, 0, 0, 0, 0, 0, 0, 0, 0, 43.6942356261, 0, 0, 0, 0, 0, 0, 52.6531719617, 0, 0, 63.2051916163, 72.8036521099, 0, -15.1742385, 78.1635949936, 77.1909224344, 70.3743669544, 0, 0, None, ]
Policy - [5, 4, 2, 0, 0, 0, 0, 0, 0, 4, 1, 0, 0, 0, 0, 0, 0, 0, 0, 0, 5, 0, 0, 0, 0, 0, 0, 0, 0, 0, 0, 0, 3, 1, 0, 0, 0, 0, 0, 0, 0, 0, 0, 0, 0, 2, 0, 0, 0, 0, 0, 0, 5, 0, 0, 3, 6, 4, 4, 4, 5, 6, 0, 0, 4, ]
[22.967053925, 0, 0, 0, 0, 0.1, 26.8490487139, 0, 0, 0, 30.1730582963, 0, 0, 0, 0, 0, 0, 0, 0, 0, 33.6499752016, 0, 0, 0, 0, 0, 0, 0, 0, 0, 0, 0, 0, 38.2985692794, 0, 0, 0, 0, 0, 0, 0, 0, 0, 0, 0, 45.0896027279, 0, 0, 0, 0, 0, 0, 54.3077418753, 0, 0, 64.8643096291, 74.1388647623, 0, -15.1742385, 78.9655558285, 77.5085631427, 70.436330259, 0, 0, None, ]
[23.3549849134, 0, 0, 0, 0, 0.1, 27.2811479415, 0, 0, 0, 30.7204134871, 0, 0, 0, 0, 0, 0, 0, 0, 0, 34.4144516237, 0, 0, 0, 0, 0, 0, 0, 0, 0, 0, 0, 0, 39.3772217283, 0, 0, 0, 0, 0, 0, 0, 0, 0, 0, 0, 46.5108735653, 0, 0, 0, 0, 0, 0, 55.9627500076, 0, 0, 66.4910237538, 75.4207442134, 0, -15.1742385, 79.7190814743, 77.8006354911, 70.4920972331, 0, 0, None, ]
[23.7473284048, 0, 0, 0, 0, 0.1, 27.724767292, 0, 0, 0, 31.2894731562, 0, 0, 0, 0, 0, 0, 0, 0, 0, 35.210334862, 0, 0, 0, 0, 0, 0, 0, 0, 0, 0, 0, 0, 40.4901218032, 0, 0, 0, 0, 0, 0, 0, 0, 0, 0, 0, 47.955501582, 0, 0, 0, 0, 0, 0, 57.6149124719, 0, 0, 68.0832415923, 76.6497807487, 0, -15.1742385, 80.4264588696, 78.0690767443, 70.5422875098, 0, 0, None, ]
[24.1447950458, 0, 0, 0, 0, 0.1, 28.1809249837, 0, 0, 0, 31.8812072235, 0, 0, 0, 0, 0, 0, 0, 0, 0, 36.0379086549, 0, 0, 0, 0, 0, 0, 0, 0, 0, 0, 0, 0, 41.6361802261, 0, 0, 0, 0, 0, 0, 0, 0, 0, 0, 0, 49.4208665219, 0, 0, 0, 0, 0, 0, 59.2610645516, 0, 0, 69.6391290101, 77.8266442962, 0, -15.1742385, 81.0899399663, 78.315692398, 70.5874587588, 0, 0, None, ]
[24.5481262304, 0, 0, 0, 0, 0.1, 28.6506343956, 0, 0, 0, 32.4965169875, 0, 0, 0, 0, 0, 0, 0, 0, 0, 36.8973194502, 0, 0, 0, 0, 0, 0, 0, 0, 0, 0, 0, 0, 42.814154647, 0, 0, 0, 0, 0, 0, 0, 0, 0, 0, 0, 50.9042937142, 0, 0, 0, 0, 0, 0, 60.8981746061, 0, 0, 71.1571022723, 78.9521629638, 0, -15.1742385, 81.7117320525, 78.5421631595, 70.6281128829, 0, 0, None, ]
[24.9580905405, 0, 0, 0, 0, 0.1, 29.1348976896, 0, 0, 0, 33.1362282606, 0, 0, 0, 0, 0, 0, 0, 0, 0, 37.7885748283, 0, 0, 0, 0, 0, 0, 0, 0, 0, 0, 0, 0, 44.0226595108, 0, 0, 0, 0, 0, 0, 0, 0, 0, 0, 0, 52.4030728216, 0, 0, 0, 0, 0, 0, 62.5233558017, 0, 0, 72.6358188198, 80.0273027553, 0, -15.1742385, 82.2939897416, 78.7500518507, 70.6647015946, 0, 0, None, ]
[25.3754799065, 0, 0, 0, 0, 0.1, 29.6346993844, 0, 0, 0, 33.8010850316, 0, 0, 0, 0, 0, 0, 0, 0, 0, 38.71154307, 0, 0, 0, 0, 0, 0, 0, 0, 0, 0, 0, 0, 45.2601768111, 0, 0, 0, 0, 0, 0, 0, 0, 0, 0, 0, 53.9144758861, 0, 0, 0, 0, 0, 0, 64.1338757454, 0, 0, 74.0741669403, 81.0531485141, 0, -15.1742385, 82.838808452, 78.9408101781, 70.6976314352, 0, 0, None, ]
[25.8011055073, 0, 0, 0, 0, 0.1, 30.1509999383, 0, 0, 0, 34.49174372, 0, 0, 0, 0, 0, 0, 0, 0, 0, 39.6659538423, 0, 0, 0, 0, 0, 0, 0, 0, 0, 0, 0, 0, 46.5250675739, 0, 0, 0, 0, 0, 0, 0, 0, 0, 0, 0, 55.4357745333, 0, 0, 0, 0, 0, 0, 65.7271641232, 0, 0, 75.4712545662, 82.0308861198, 0, -15.1742385, 83.3482192165, 79.1157853275, 70.7272682917, 0, 0, None, ]
[26.2357934404, 0, 0, 0, 0, 0.1, 30.684729399, 0, 0, 0, 35.2087680727, 0, 0, 0, 0, 0, 0, 0, 0, 0, 40.6513999648, 0, 0, 0, 0, 0, 0, 0, 0, 0, 0, 0, 0, 47.8155839121, 0, 0, 0, 0, 0, 0, 0, 0, 0, 0, 0, 56.9642562206, 0, 0, 0, 0, 0, 0, 67.3008184549, 0, 0, 76.8263974127, 82.9617859473, 0, -15.1742385, 83.8241846697, 79.2762263512, 70.7539414625, 0, 0, None, ]
[26.6803801889, 0, 0, 0, 0, 0.1, 31.2367811787, 0, 0, 0, 35.9526247479, 0, 0, 0, 0, 0, 0, 0, 0, 0, 41.6673402037, 0, 0, 0, 0, 0, 0, 0, 0, 0, 0, 0, 0, 49.1298815004, 0, 0, 0, 0, 0, 0, 0, 0, 0, 0, 0, 58.4972394359, 0, 0, 0, 0, 0, 0, 68.8526080867, 0, 0, 78.1391066483, 83.8471875777, 0, -15.1742385, 84.2685960756, 79.4232903229, 70.7779473162, 0, 0, None, ]
Policy - [5, 4, 2, 0, 0, 0, 0, 0, 0, 4, 1, 0, 0, 0, 0, 0, 0, 0, 0, 0, 5, 0, 0, 0, 0, 0, 0, 0, 0, 0, 0, 0, 3, 1, 0, 0, 0, 0, 0, 0, 0, 0, 0, 0, 0, 2, 0, 0, 0, 0, 0, 0, 5, 0, 0, 3, 6, 4, 4, 4, 5, 6, 0, 0, 4, ]
