[0, 0, 0, 0, 0, 0, 0, 0, 0, 0, 0, 0, 0, 0, 0, 0, 0, 0, 0, 0, 0, 0, 0, 0, 0, 0, 0, 0, 0, 0, 0, 0, 0, 0, 0, 0, 0, 0, 0, 0, 0, 0, 0, 0, 0, 0, 0, 0, 0, 0, 0, 0, 0, 0, 0, 0, 0, 0, 0, 0, 0, 0, 0, 0, 0, ]
[0.0, 0, 0, 0, 0, 0, 0, 0, 0, 0, 0, 0, 0, 0, 0, 0, 0, 0, 0, 0, 0, 0, 0, 0, 0, 0, 0, 0, 0, 0, 0, 0, 0, 0, 0, 0, 0, 0, 0, 0, 0, 0, 0, 0, 0, 0, 0, 0, 0, 0, 0, 0, 0, 0, 0, 0, 0, 0, 0, 0, 0, 0, 0, 0, None, ]
[0.0, 0, 0, 0, 0, 0, 0, 0, 0, 0, 0, 0, 0, 0, 0, 0, 0, 0, 0, 0, 0, 0, 0, 0, 0, 0, 0, 0, 0, 0, 0, 0, 0, 0, 0, 0, 0, 0, 0, 0, 0, 0, 0, 0, 0, 0, 0, 0, 0, 0, 0, 0, 0, 0, 0, 0, 0, 0, 0, 0, 0, 0, 0, 0, None, ]
[0.0, 0, 0, 0, 0, 0.1, 0, 0, 0, 0, 0, 0, 0, 0, 0, 0, 0, 0, 0, 0, 0, 0, 0, 0, 0, 0, 0, 0, 0, 0, 0, 0, 0, 0, 0, 0, 0, 0, 0, 0, 0, 0, 0, 0, 0, 0, 0, 0, 0, 0, 0, 0, 0, 0, 0, 0, 0, 0, 0, 0, 0, 0, 0, 0, None, ]
[0.0, 0, 0, 0, 0, 0.1, 0, 0, 0, 0, 0, 0, 0, 0, 0, 0, 0, 0, 0, 0, 0, 0, 0, 0, 0, 0, 0, 0, 0, 0, 0, 0, 0, 0, 0, 0, 0, 0, 0, 0, 0, 0, 0, 0, 0, 0, 0, 0, 0, 0, 0, 0, 0, 0, 0, 0, 0, 0, 0, 0, 0, 0, 0, 0, None, ]
[0.0, 0.1, 0, 0, 0, 0.1, 0, 0, 0, 0, 0, 0, 0, 0, 0, 0, 0, 0, 0, 0, 0, 0, 0, 0, 0, 0, 0, 0, 0, 0, 0, 0, 0, 0, 0, 0, 0, 0, 0, 0, 0, 0, 0, 0, 0, 0, 0, 0, 0, 0, 0, 0, 0, 0, 0, 0, 0, 0, 0, 0, 0, 0, 0, 0, None, ]
[0.009999, 0.1, 0, 0, 0, 0.19, 0, 0, 0, 0, 0, 0, 0, 0, 0, 0, 0, 0, 0, 0, 0, 0, 0, 0, 0, 0, 0, 0, 0, 0, 0, 0, 0, 0, 0, 0, 0, 0, 0, 0, 0, 0, 0, 0, 0, 0, 0, 0, 0, 0, 0, 0, 0, 0, 0, 0, 0, 0, 0, 0, 0, 0, 0, 0, None, ]
[0.0279972, 0.1, 0, 0, 0, 0.271, 0, 0, 0, 0, 0, 0, 0, 0, 0, 0, 0, 0, 0, 0, 0, 0, 0, 0, 0, 0, 0, 0, 0, 0, 0, 0, 0, 0, 0, 0, 0, 0, 0, 0, 0, 0, 0, 0, 0, 0, 0, 0, 0, 0, 0, 0, 0, 0, 0, 0, 0, 0, 0, 0, 0, 0, 0, 0, None, ]
[0.05229477, 0.1, 0, 0, 0, 0.3439, 0, 0, 0, 0, 0, 0, 0, 0, 0, 0, 0, 0, 0, 0, 0, 0, 0, 0, 0, 0, 0, 0, 0, 0, 0, 0, 0, 0, 0, 0, 0, 0, 0, 0, 0, 0, 0, 0, 0, 0, 0, 0, 0, 0, 0, 0, 0, 0, 0, 0, 0, 0, 0, 0, 0, 0, 0, 0, None, ]
[0.081451854, 0.1, 0, 0, 0, 0.40951, 0, 0, 0, 0.2, 0, 0, 0, 0, 0, 0, 0, 0, 0, 0, 0, 0, 0, 0, 0, 0, 0, 0, 0, 0, 0, 0, 0, 0, 0, 0, 0, 0, 0, 0, 0, 0, 0, 0, 0, 0, 0, 0, 0, 0, 0, 0, 0, 0, 0, 0, 0, 0, 0, 0, 0, 0, 0, 0, None, ]
[0.1142535735, 0.1, 0, 0, 0, 0.488557, 0, 0, 0, 0.38, 0, 0, 0, 0, 0, 0, 0, 0, 0, 0.3, 0, 0, 0, 0, 0, 0, 0, 0, 0, 0, 0, 0, 0, 0, 0, 0, 0, 0, 0, 0, 0, 0, 0, 0, 0, 0, 0, 0, 0, 0, 0, 0, 0, 0, 0, 0, 0, 0, 0, 0, 0, 0, 0, 0, None, ]
Policy - [4, 3, 3, 0, 0, 0, 0, 0, 0, 1, 0, 0, 0, 0, 0, 0, 0, 0, 0, 4, 0, 0, 0, 0, 0, 0, 0, 0, 2, 5, 0, 0, 0, 0, 0, 0, 0, 0, 0, 0, 0, 0, 0, 0, 0, 0, 0, 0, 0, 0, 0, 0, 0, 0, 0, 0, 0, 0, 0, 0, 0, 0, 0, 0, 5, ]
[0.15167903058, 0.1, 0, 0, 0, 0.5776975, 0, 0, 0, 0.571997, 0, 0, 0, 0, 0, 0, 0, 0, 0, 0.57, 0, 0, 0, 0, 0, 0, 0, 0, 0, 0, 0, 0, 0, 0, 0, 0, 0, 0, 0, 0, 0, 0, 0, 0, 0, 0, 0, 0, 0, 0, 0, 0, 0, 0, 0, 0, 0, 0, 0, 0, 0, 0, 0, 0, None, ]
[0.194275100547, 0.1, 0, 0, 0, 0.67712173003, 0, 0, 0, 0.7717916, 0, 0, 0, 0, 0, 0, 0, 0, 0, 0.813, 0, 0, 0, 0, 0, 0, 0, 0, 0, 0, 0, 0, 0, 0, 0, 0, 0, 0, 0, 0, 0, 0, 0, 0, 0, 0, 0, 0, 0, 0, 0, 0, 0, 0, 0, 0, 0, 0, 0, 0, 0, 0, 0, 0, None, ]
[0.242552992278, 0.1, 0, 0, 0, 0.786580999111, 0, 0, 0, 0.97590431, 0, 0, 0, 0, 0, 0, 0, 0, 0, 1.0317, 0, 0, 0, 0, 0, 0, 0, 0, 0, 0, 0, 0, 0, 0, 0, 0, 0, 0, 0, 0, 0, 0, 0, 0, 0, 0, 0, 0, 0, 0, 0, 0, 0, 0, 0, 0, 0, 0, 0, 0, 0, 0, 0, 0, None, ]
[0.296947927151, 0.1, 0, 0, 0, 0.905503571157, 0, 0, 0, 1.181473562, 0, 0, 0, 0, 0, 0, 0, 0, 0, 1.22853, 0, 0, 0, 0, 0, 0, 0, 0, 0, 0, 0, 0, 0, 0, 0, 0, 0, 0, 0, 0, 0, 0, 0, 0, 0, 0, 0, 0, 0, 0, 0, 0, 0, 0, 0, 0, 0, 0, 0, 0, 0, 0, 0, 0, None, ]
[0.357794436516, 0.1, 0, 0, 0, 1.03308875551, 0, 0, 0, 1.3861669205, 0, 0, 0, 0, 0, 0, 0, 0, 0, 1.405677, 0, 0, 0, 0, 0, 0, 0, 0, 0, 0, 0, 0, 0, 0, 0, 0, 0, 0, 0, 0, 0, 0, 0, 0, 0, 0, 0, 0, 0, 0, 0, 0, 0, 0, 0, 0, 0, 0, 0, 0, 0, 0, 0, 0, None, ]
[0.425313537528, 0.1, 0, 0, 0, 1.16838271034, 0, 0, 0, 1.58810387168, 0, 0, 0, 0, 0, 0, 0, 0, 0, 1.5651093, 0, 0, 0, 0, 0, 0, 0, 0, 0, 0, 0, 0, 0, 0, 0, 0, 0, 0, 0, 0, 0, 0, 0, 0, 0, 0, 0, 0, 0, 0, 0, 0, 0, 0, 0, 0, 0, 0, 0, 0, 0, 0, 0, 0, None, ]
[0.499608770981, 0.1, 0, 0, 0, 1.31033894543, 0, 0, 0, 1.78578876342, 0, 0, 0, 0, 0, 0, 0, 0, 0, 1.70859837, 0, 0, 0, 0, 0, 0, 0, 0, 0, -6.09935, 0, 0, 0, 0, 0, 0, 0, 0, 0, 0, 0, 0, 0, 0, 0, 0, 0, 0, 0, 0, 0, 0, 0, 0, 0, 0, 0, 0, 0, 0, 0, 0, 0, 0, None, ]
[0.580668685037, 0.1, 0, 0, 0, 1.45786606934, 0, 0, 0, 1.97805263809, 0, 0, 0, 0, 0, 0, 0, 0, 0, 1.2278645265, 0, 0, 0, 0, 0, 0, 0, 0, 0, -6.09935, 0, 0, 0, 0, 0, 0, 0, 0, 0, 0, 0, 0, 0, 0, 0, 0, 0, 0, 0, 0, 0, 0, 0, 0, 0, 0, 0, 0, 0, 0, 0, 0, 0, 0, None, ]
[0.668373844807, 0.1, 0, 0, 0, 1.60986494569, 0, 0, 0, 2.10302154829, 0, 0, 0, 0, 0, 0, 0, 0, 0, 0.79520406735, 0, 0, 0, 0, 0, 0, 0, 0, 0, -6.09935, 0, 0, 0, 0, 0, 0, 0, 0, 0, 0, 0, 0, 0, 0, 0, 0, 0, 0, 0, 0, 0, 0, 0, 0, 0, 0, 0, 0, 0, 0, 0, 0, 0, 0, None, ]
[0.762506856246, 0.1, 0, 0, 0, 1.75915957574, 0, 0, 0, 2.17223184815, 0, 0, 0, 0, 0, 0, 0, 0, 0, 0.405809654115, 0, 0, 0, 0, 0, 0, 0, 0, 0, -6.09935, 0, 0, 0, 0, 0, 0, 0, 0, 0, 0, 0, 0, 0, 0, 0, 0, 0, 0, 0, 0, 0, 0, 0, 0, 0, 0, 0, 0, 0, 0, 0, 0, 0, 0, None, ]
Policy - [4, 3, 3, 0, 0, 0, 0, 0, 0, 1, 0, 0, 0, 0, 0, 0, 0, 0, 0, 4, 0, 0, 0, 0, 0, 0, 0, 0, 2, 4, 0, 0, 0, 0, 0, 0, 0, 0, 0, 0, 0, 0, 0, 0, 0, 0, 0, 0, 0, 0, 0, 0, 0, 0, 0, 0, 0, 0, 0, 0, 0, 0, 0, 0, 0, ]
[0.862154536599, 0.1, 0, 0, 0, 1.90044508066, 0, 0, 0, 2.19558557065, 0, 0, 0, 0, 0, 0, 0, 0, 0, 0.0553546822035, 0, 0, 0, 0, 0, 0, 0, 0, 0, -6.09935, 0, 0, 0, 0, 0, 0, 0, 0, 0, 0, 0, 0, 0, 0, 0, 0, 0, 0, 0, 0, 0, 0, 0, 0, 0, 0, 0, 0, 0, 0, 0, 0, 0, 0, None, ]
[0.965964586554, 0.1, 0, 0, 0, 2.0299371738, 0, 0, 0, 2.18156192826, 0, 0, 0, 0, 0, 0, 0, 0, 0, 0, 0, 0, 0, 0, 0, 0, 0, 0, 0, -6.09935, 0, 0, 0, 0, 0, 0, 0, 0, 0, 0, 0, 0, 0, 0, 0, 0, 0, 0, 0, 0, 0, 0, 0, 0, 0, 0, 0, 0, 0, 0, 0, 0, 0, 0, None, ]
[1.07234154591, 0.1, 0, 0, 0, 2.14507783363, 0, 0, 0, 2.16340573544, 0, 0, 0, 0, 0, 0, 0, 0, 0, 0.3, 0, 0, 0, 0, 0, 0, 0, 0, 0, -6.09935, 0, 0, 0, 0, 0, 0, 0, 0, 0, 0, 0, 0, 0, 0, 0, 0, 0, 0, 0, 0, 0, 0, 0, 0, 0, 0, 0, 0, 0, 0, 0, 0, 0, 0, None, ]
[1.1795937239, 0.1, 0, 0, 0, 2.24688898975, 0, 0, 0, 2.17706216189, 0, 0, 0, 0, 0, 0, 0, 0, 0, 0.57, 0, 0, 0, 0, 0, 0, 0, 0, 0, -6.09935, 0, 0, 0, 0, 0, 0, 0, 0, 0, 0, 0, 0, 0, 0, 0, 0, 0, 0, 0, 0, 0, 0, 0, 0, 0, 0, 0, 0, 0, 0, 0, 0, 0, 0, None, ]
[1.2863007816, 0.1, 0, 0, 0, 2.33988453634, 0, 0, 0, 2.2163502457, 0, 0, 0, 0, 0, 0, 0, 0, 0, 0.813, 0, 0, 0, 0, 0, 0, 0, 0, 0.4, -6.09935, 0, 0, 0, 0, 0, 0, 0, 0, 0, 0, 0, 0, 0, 0, 0, 0, 0, 0, 0, 0, 0, 0, 0, 0, 0, 0, 0, 0, 0, 0, 0, 0, 0, 0, None, ]
[1.39163575823, 0.1, 0, 0, 0, 2.42750894378, 0, 0, 0, 2.27600709113, 0, 0, 0, 0, 0, 0, 0, 0, 0, 1.071696, 0, 0, 0, 0, 0, 0, 0, 0, 0.76, -6.09935, 0, 0, 0, 0, 0, 0, 0, 0, 0, 0, 0, 0, 0, 0, 0, 0, 0, 0, 0, 0, 0, 0, 0, 0, 0, 0, 0, 0, 0, 0, 0, 0, 0, 0, None, ]
[1.49519880169, 0.1, 0, 0, 0, 2.51233599844, 0, 0, 0, 2.35556526506, 0, 0, 0, 0, 0, 0, 0, 0, 0, 1.3405188, 0, 0, 0, 0, 0, 0, 0, 0, 1.084, -6.09935, 0, 0, 0, 0, 0, 0, 0, 0, 0, 0, 0, 0, 0, 0, 0, 0, 0, 0, 0, 0, 0, 0, 0, 0, 0, 0, 0, 0, 0, 0, 0, 0, 0, 0, None, ]
[1.59688739801, 0.1, 0, 0, 0, 2.59663536945, 0, 0, 0, 2.45404721337, 0, 0, 0, 0, 0, 0, 0, 0, 0, 1.61485608, 0, 0, 0, 0, 0, 0, 0, 0, 1.3756, -6.09935, 0, 0, 0, 0, 0, 0, 0, 0, 0, 0, 0, 0, 0, 0, 0, 0, 0, 0, 0, 0, 0, 0, 0, 0, 0, 0, 0, 0, 0, 0, 0, 0, 0, 0, None, ]
[1.6968362288, 0.1, 0, 0, 0, 2.68235201337, 0, 0, 0, 2.57011195147, 0, 0, 0, 0, 0, 0, 0, 0, 0, 1.890916716, 0, 0, 0, 0, 0, 0, 0, 0, 1.63804, -6.09935, 0, 0, 0, 0, 0, 0, 0, 0, 0, 0, 0, 0, 0, 0, 0, 0, 0, 0, 0, 0, 0, 0, 0, 0, 0, 0, 0, 0, 0, 0, 0, 0, 0, 0, None, ]
[1.79536098373, 0.1, 0, 0, 0, 2.77110230606, 0, 0, 0, 2.70217351875, 0, 0, 0, 0, 0, 0, 0, 0, 0, 2.165612664, 0, 0, 0, 0, 0, 0, 0, 0, 1.874236, -6.09935, 0, 0, 0, 0, 0, 0, 0, 0, 0, 0, 0, 0, 0, 0, 0, 0, 0, 0, 0, 0, 0, 0, 0, 0, 0, 0, 0, 0, 0, 0, 0, 0, 0, 0, None, ]
Policy - [4, 3, 3, 0, 0, 0, 0, 0, 0, 1, 0, 0, 0, 0, 0, 0, 0, 0, 0, 3, 0, 0, 0, 0, 0, 0, 0, 0, 4, 6, 0, 0, 0, 0, 0, 0, 0, 0, 0, 0, 0, 0, 0, 0, 0, 0, 0, 4, 0, 0, 0, 0, 0, 0, 0, 0, 0, 0, 0, 0, 0, 0, 0, 0, 0, ]
[1.89290740494, 0.1, 0, 0, 0, 2.8641824056, 0, 0, 0, 2.84849577715, 0, 0, 0, 0, 0, 0, 0, 0, 0, 2.43645625524, 0, 0, 0, 0, 0, 0, 0, 0, 2.0868124, -6.09935, 0, 0, 0, 0, 0, 0, 0, 0, 0, 0, 0, 0, 0, 0, 0, 0, 0, -5.99935, 0, 0, 0, 0, 0, 0, 0, 0, 0, 0, 0, 0, 0, 0, 0, 0, None, ]
[1.99000626319, 0.1, 0, 0, 0, 2.96258525779, 0, 0, 0, 3.0072674604, 0, 0, 0, 0, 0, 0, 0, 0, 0, 2.70147100159, 0, 0, 0, 0, 0, 0, 0, 0, 1.6782561535, -6.09935, 0, 0, 0, 0, 0, 0, 0, 0, 0, 0, 0, 0, 0, 0, 0, 0, 0, -5.99935, 0, 0, 0, 0, 0, 0, 0, 0, 0, 0, 0, 0, 0, 0, 0, 0, None, ]
[2.08723453679, 0.1, 0, 0, 0, 3.06702340538, 0, 0, 0, 3.17666079981, 0, 0, 0, 0, 0, 0, 0, 0, 0, 2.89913273422, 0, 0, 0, 0, 0, 0, 0, 0, 1.31055553165, -6.09935, 0, 0, 0, 0, 0, 0, 0, 0, 0, 0, 0, 0, 0, 0, 0, 0, 0, -5.99935, 0, 0, 0, 0, 0, 0, 0, 0, 0, 0, 0, 0, 0, 0, 0, 0, None, ]
[2.18518275342, 0.1, 0, 0, 0, 3.17795537821, 0, 0, 0, 3.34887900192, 0, 0, 0, 0, 0, 0, 0, 0, 0, 3.04026190841, 0, 0, 0, 0, 0, 0, 0, 0, 0.979624971985, -6.09935, 0, 0, 0, 0, 0, 0, 0, 0, 0, 0, 0, 0, 0, 0, 0, 0, 0, -5.99935, 0, 0, 0, 0, 0, 0, 0, 0, 0, 0, 0, 0, 0, 0, 0, 0, None, ]
[2.28442823634, 0.1, 0, 0, 0, 3.29501425179, 0, 0, 0, 3.51798688995, 0, 0, 0, 0, 0, 0, 0, 0, 0, 3.13418841852, 0, 0, 0, 0, 0, 0, 0, 0, 0.681787468287, -6.09935, 0, 0, 0, 0, 0, 0, 0, 0, 0, 0, 0, 0, 0, 0, 0, 0, 0, -5.99935, 0, 0, 0, 0, 0, 0, 0, 0, 0, 0, 0, 0, 0, 0, 0, 0, None, ]
[2.38545388775, 0.1, 0, 0, 0, 3.41727633574, 0, 0, 0, 3.67957570092, 0, 0, 0, 0, 0, 0, 0, 0, 0, 3.18894150562, 0, 0, 0, 0, 0, 0, 0, 0, 0.413733714958, -6.09935, 0, 0, 0, 0, 0, 0, 0, 0, 0, 0, 0, 0, 0, 0, 0, 0, 0, -5.99935, 0, 0, 0, 0, 0, 0, 0, 0, 0, 0, 0, 0, 0, 0, 0, 0, None, ]
[2.48860195978, 0.1, 0, 0, 0, 3.5434694765, 0, 0, 0, 3.83048039198, 0, 0, 0, 0, 0, 0, 0, 0, 0, 3.21141658922, 0, 0, 0, 0, 0, 0, 0, 0, 0.172485336962, -6.09935, 0, 0, 0, 0, 0, 0, 0, 0, 0, 0, 0, 0, 0, 0, 0, 0, 0, -5.99935, 0, 0, 0, 0, 0, 0, 0, 0, 0, 0, 0, 0, 0, 0, 0, 0, None, ]
[2.59405327676, 0.1, 0, 0, 0, 3.67213226325, 0, 0, 0, 3.96854189754, 0, 0, 0, 0, 0, 0, 0, 0, 0, 3.20752173914, 0, 0, 0, 0, 0, 0, 0, 0, 0, -6.09935, 0, 0, 0, 0, 0, 0, 0, 0, 0, 0, 0, 0, 0, 0, 0, 0, 0, -11.398765, 0, 0, 0, 0, 0, 0, 0, 0, 0, 0, 0, 0, 0, 0, 0, 0, None, ]
[2.70182445409, 0.1, 0, 0, 0, 3.80173354126, 0, 0, 0, 4.09240780648, 0, 0, 0, 0, 0, 0, 0, 0, 0, 3.18676956522, 0, 0, 0, 0, 0, 0, 0, 0, 0, -6.09935, 0, 0, 0, 0, 0, 0, 0, 0, 0, 0, 0, 0, 0, 0, 0, 0, 0, -11.398765, 0, 0, 0, 0, 0, 0, 0, 0, 0, 0, 0, 0, 0, 0, 0, 0, None, ]
[2.81177734547, 0.1, 0, 0, 0, 3.9307600437, 0, 0, 0, 4.20181211466, 0, 0, 0, 0, 0, 0, 0, 0, 0, 3.1680926087, 0, 0, 0, 0, 0, 0, 0, 0, 0, -6.09935, 0, 0, 0, 0, 0, 0, 0, 0, 0, 0, 0, 0, 0, 0, 0, 0, 0, -11.398765, 0, 0, 0, 0, 0, 0, 0, 0, 0, 0, 0, 0, 0, 0, 0, 0, None, ]
Policy - [4, 3, 3, 0, 0, 0, 0, 0, 0, 1, 0, 0, 0, 0, 0, 0, 0, 0, 0, 3, 0, 0, 0, 0, 0, 0, 0, 0, 5, 6, 0, 0, 0, 0, 0, 0, 0, 0, 0, 0, 0, 0, 0, 0, 0, 0, 0, 6, 0, 0, 0, 0, 0, 0, 0, 0, 0, 0, 0, 0, 0, 0, 0, 0, 1, ]
[2.92363630769, 0.1, 0, 0, 0, 4.05782323268, 0, 0, 0, 4.29840848314, 0, 0, 0, 0, 0, 0, 0, 0, 0, 3.15128334783, 0, 0, 0, 0, 0, 0, 0, 0, 0, -6.09935, 0, 0, 0, 0, 0, 0, 0, 0, 0, 0, 0, 0, 0, 0, 0, 0, 0, -11.398765, 0, 0, 0, 0, 0, 0, 0, 0, 0, 0, 0, 0, 0, 0, 0, 0, None, ]
[3.03701442196, 0.1, 0, 0, 0, 4.18183877364, 0, 0, 0, 4.38366445677, 0, 0, 0, 0, 0, 0, 0, 0, 0, 3.13615501305, 0, 0, 0, 0, 0, 0, 0, 0, -0.0446382032341, -6.09935, 0, 0, 0, 0, 0, 0, 0, 0, 0, 0, 0, 0, 0, 0, 0, 0, 0, -11.398765, 0, 0, 0, 0, 0, 0, 0, 0, 0, 0, 0, 0, 0, 0, 0, 0, None, ]
[3.15145503874, 0.1, 0, 0, 0, 4.30197750531, 0, 0, 0, 4.45888215085, 0, 0, 0, 0, 0, 0, 0, 0, 0, 3.1180761378, 0, 0, 0, 0, 0, 0, 0, 0, -0.779936895261, -6.09935, 0, 0, 0, 0, 0, 0, 0, 0, 0, 0, 0, 0, 0, 0, 0, 0, 0, -11.398765, 0, 0, 0, 0, 0, 0, 0, 0, 0, 0, 0, 0, 0, 0, 0, 0, None, ]
[3.26646426562, 0.1, 0, 0, 0, 4.41762338104, 0, 0, 0, 4.52477036878, 0, 0, 0, 0, 0, 0, 0, 0, 0, 3.02828263386, 0, 0, 0, 0, 0, 0, 0, 0, -1.44170571808, -6.09935, 0, 0, 0, 0, 0, 0, 0, 0, 0, 0, 0, 0, 0, 0, 0, 0, 0, -11.398765, 0, 0, 0, 0, 0, 0, 0, 0, 0, 0, 0, 0, 0, 0, 0, 0, None, ]
[3.38153600093, 0.1, 0, 0, 0, 4.52829283211, 0, 0, 0, 4.57509131246, 0, 0, 0, 0, 0, 0, 0, 0, 0, 2.88129821573, 0, 0, 0, 0, 0, 0, 0, 0, -2.03729765863, -6.09935, 0, 0, 0, 0, 0, 0, 0, 0, 0, 0, 0, 0, 0, 0, 0, 0, 0, -11.398765, 0, 0, 0, 0, 0, 0, 0, 0, 0, 0, 0, 0, 0, 0, 0, 0, None, ]
[3.49616640112, 0.1, 0, 0, 0, 4.63292692923, 0, 0, 0, 4.60568318981, 0, 0, 0, 0, 0, 0, 0, 0, 0, 2.68945900127, 0, 0, 0, 0, 0, 0, 0, 0, -2.57333040511, -6.09935, 0, 0, 0, 0, 0, 0, 0, 0, 0, 0, 0, 0, 0, 0, 0, 0, 0, -11.398765, 0, 0, 0, 0, 0, 0, 0, 0, 0, 0, 0, 0, 0, 0, 0, 0, None, ]
[3.60979612466, 0.1, 0, 0, 0, 4.73015649846, 0, 0, 0, 4.61403387636, 0, 0, 0, 0, 0, 0, 0, 0, 0, 2.46320579393, 0, 0, 0, 0, 0, 0, 0, 0, -3.05575987695, -6.09935, 0, 0, 0, 0, 0, 0, 0, 0, 0, 0, 0, 0, 0, 0, 0, 0, 0, -11.398765, 0, 0, 0, 0, 0, 0, 0, 0, 0, 0, 0, 0, 0, 0, 0, 0, None, ]
[3.72178486047, 0.1, 0, 0, 0, 4.81849809591, 0, 0, 0, 4.59892643606, 0, 0, 0, 0, 0, 0, 0, 0, 0, 2.21133978444, 0, 0, 0, 0, 0, 0, 0, 0, -3.48994640161, -6.09935, 0, 0, 0, 0, 0, 0, 0, 0, 0, 0, 0, 0, 0, 0, 0, 0, 0, -11.398765, 0, 0, 0, 0, 0, 0, 0, 0, 0, 0, 0, 0, 0, 0, 0, 0, None, ]
[3.83140799904, 0.1, 0, 0, 0, 4.89649494066, 0, 0, 0, 4.5601456575, 0, 0, 0, 0, 0, 0, 0, 0, 0, 1.9412460653, 0, 0, 0, 0, 0, 0, 0, 0, -3.8807142738, -6.09935, 0, 0, 0, 0, 0, 0, 0, 0, 0, 0, 0, 0, 0, 0, 0, 0, 0, -16.2582385, 0, 0, 0, 0, 0, 0, 0, 0, 0, 0, 0, 0, 0, 0, 0, 0, None, ]
[3.93786772825, 0.1, 0, 0, 0, 4.96281441089, 0, 0, 0, 4.49823628582, 0, 0, 0, 0, 0, 0, 0, 0, 0, 1.65908883854, 0, 0, 0, 0, 0, 0, 0, 0, -4.71830411403, -6.09935, 0, 0, 0, 0, 0, 0, 0, 0, 0, 0, 0, 0, 0, 0, 0, 0, 0, -16.2582385, 0, 0, 0, 0, 0, 0, 0, 0, 0, 0, 0, 0, 0, 0, 0, 0, None, ]
Policy - [4, 3, 3, 0, 0, 0, 0, 0, 0, 1, 0, 0, 0, 0, 0, 0, 0, 0, 0, 3, 0, 0, 0, 0, 0, 0, 0, 0, 4, 6, 0, 0, 0, 0, 0, 0, 0, 0, 0, 0, 0, 0, 0, 0, 0, 0, 0, 5, 0, 0, 0, 0, 0, 0, 0, 0, 0, 0, 0, 0, 0, 0, 0, 0, 4, ]
[4.04031276837, 0.1, 0, 0, 0, 5.01631161602, 0, 0, 0, 4.41430495021, 0, 0, 0, 0, 0, 0, 0, 0, 0, 1.32139672632, 0, 0, 0, 0, 0, 0, 0, 0, -5.47213497024, -6.09935, 0, 0, 0, 0, 0, 0, 0, 0, 0, 0, 0, 0, 0, 0, 0, 0, 0, -16.2582385, 0, 0, 0, 0, 0, 0, 0, 0, 0, 0, 0, 0, 0, 0, 0, 0, None, ]
[4.13786249002, 0.1, 0, 0, 0, 5.05606680639, 0, 0, 0, 4.30500091385, 0, 0, 0, 0, 0, 0, 0, 0, 0, 0.942098278013, 0, 0, 0, 0, 0, 0, 0, 0, -6.09935, -6.09935, 0, 0, 0, 0, 0, 0, 0, 0, 0, 0, 0, 0, 0, 0, 0, 0, 0, -16.2582385, 0, 0, 0, 0, 0, 0, 0, 0, 0, 0, 0, 0, 0, 0, 0, 0, None, ]
[4.22963236099, 0.1, 0, 0, 0, 5.08091716713, 0, 0, 0, 4.16870122928, 0, 0, 0, 0, 0, 0, 0, 0, 0, 0.538014443712, 0, 0, 0, 0, 0, 0, 0, 0, -6.09935, -6.09935, 0, 0, 0, 0, 0, 0, 0, 0, 0, 0, 0, 0, 0, 0, 0, 0, 0, -16.2582385, 0, 0, 0, 0, 0, 0, 0, 0, 0, 0, 0, 0, 0, 0, 0, 0, None, ]
[4.31471003243, 0.1, 0, 0, 0, 5.08965388633, 0, 0, 0, 4.00562717058, 0, 0, 0, 0, 0, 0, 0, 0, 0, 0.174338992841, 0, 0, 0, 0, 0, 0, 0, 0, -6.09935, -6.09935, 0, 0, 0, 0, 0, 0, 0, 0, 0, 0, 0, 0, 0, 0, 0, 0, 0, -16.2582385, 0, 0, 0, 0, 0, 0, 0, 0, 0, 0, 0, 0, 0, 0, 0, 0, None, ]
[4.39215352128, 0.1, 0, 0, 0, 5.08121115848, 0, 0, 0, 3.82249660942, 0, 0, 0, 0, 0, 0, 0, 0, 0, 0, 0, 0, 0, 0, 0, 0, 0, 0, -6.09935, -6.09935, 0, 0, 0, 0, 0, 0, 0, 0, 0, 0, 0, 0, 0, 0, 0, 0, 0, -16.2582385, 0, 0, 0, 0, 0, 0, 0, 0, 0, 0, 0, 0, 0, 0, 0, 0, None, ]
[4.46100847289, 0.1, 0, 0, 0, 5.05530147861, 0, 0, 0, 3.64024694848, 0, 0, 0, 0, 0, 0, 0, 0, 0, 0.3, 0, 0, 0, 0, 0, 0, 0, 0, -6.09935, -6.09935, 0, 0, 0, 0, 0, 0, 0, 0, 0, 0, 0, 0, 0, 0, 0, 0, 0, -16.2582385, 0, 0, 0, 0, 0, 0, 0, 0, 0, 0, 0, 0, 0, 0, 0, 0, None, ]
[4.52038722045, 0.1, 0, 0, 0, 5.01375962313, 0, 0, 0, 3.50621925363, 0, 0, 0, 0, 0, 0, 0, 0, 0, 0.57, 0, 0, 0, 0, 0, 0, 0, 0, -6.09935, -6.09935, 0, 0, 0, 0, 0, 0, 0, 0, 0, 0, 0, 0, 0, 0, 0, 0, 0, -16.2582385, 0, 0, 0, 0, 0, 0, 0, 0, 0, 0, 0, 0, 0, 0, 0, 0, None, ]
[4.56967432312, 0.1, 0, 0, 0, 4.96297052398, 0, 0, 0, 3.41259162827, 0, 0, 0, 0, 0, 0, 0, 0, 0, 0.813, 0, 0, 0, 0, 0, 0, 0, 0, -6.09935, -6.09935, 0, 0, 0, 0, 0, 0, 0, 0, 0, 0, 0, 0, 0, 0, 0, 0, 0, -16.2582385, 0, 0, 0, 0, 0, 0, 0, 0, 0, 0, 0, 0, 0, 0, 0, 0, None, ]
[4.6089543135, 0.1, 0, 0, 0, 4.9078985085, 0, 0, 0, 3.35262433544, 0, 0, 0, 0, 0, 0, 0, 0, 0, 1.0317, 0, 0, 0, 0, 0, 0, 0, 0, -6.09935, -6.09935, 0, 0, 0, 0, 0, 0, 0, 0, 0, 0, 0, 0, 0, 0, 0, 0, 0, -16.2582385, 0, 0, 0, 0, 0, 0, 0, 0, 0, 0, 0, 0, 0, 0, 0, 0, None, ]
[4.63879965401, 0.1, 0, 0, 0, 4.85233756495, 0, 0, 0, 3.3205215849, 0, 0, 0, 0, 0, 0, 0, 0, 0, 1.22853, 0, 0, 0, 0, 0, 0, 0, 0, -6.09935, -6.09935, 0, 0, 0, 0, 0, 0, 0, 0, 0, 0, 0, 0, 0, 0, 0, 0, 0, -16.2582385, 0, 0, 0, 0, 0, 0, 0, 0, 0, 0, 0, 0, 0, 0, 0, 0, None, ]
Policy - [4, 3, 3, 0, 0, 0, 0, 0, 0, 1, 0, 0, 0, 0, 0, 0, 0, 0, 0, 5, 0, 0, 0, 0, 0, 0, 0, 0, 0, 6, 1, 0, 0, 0, 0, 0, 0, 0, 0, 0, 0, 0, 0, 0, 0, 0, 0, 1, 0, 0, 0, 0, 0, 0, 0, 0, 0, 0, 0, 0, 0, 0, 0, 0, 7, ]
[4.66010492173, 0.1, 0, 0, 0, 4.79912276173, 0, 0, 0, 3.31131014111, 0, 0, 0, 0, 0, 0, 0, 0, 0, 1.405677, 0, 0, 0, 0, 0, 0, 0, 0, -6.09935, -6.09935, 0, 0, 0, 0, 0, 0, 0, 0, 0, 0, 0, 0, 0, 0, 0, 0, 0, -16.2582385, 0, 0, 0, 0, 0, 0, 0, 0, 0, 0, 0, 0, 0, 0, 0, 0, None, ]
[4.6739587145, 0.1, 0, 0, 0, 4.75030838656, 0, 0, 0, 3.32073277023, 0, 0, 0, 0, 0, 0, 0, 0, 0, 1.5651093, 0, 0, 0, 0, 0, 0, 0, 0, -6.09935, -6.09935, 0, 0, 0, 0, 0, 0, 0, 0, 0, 0, 0, 0, 0, 0, 0, 0, 0, -16.2582385, 0, 0, 0, 0, 0, 0, 0, 0, 0, 0, 0, 0, 0, 0, 0, 0, None, ]
[4.68154617863, 0.1, 0, 0, 0, 4.7073176176, 0, 0, 0, 3.34515477211, 0, 0, 0, 0, 0, 0, 0, 0, 0, 1.70859837, 0, 0, 0, 0, 0, 0, 0, 0, -6.09935, -6.09935, -1.22566126762, 0, 0, 0, 0, 0, 0, 0, 0, 0, 0, 0, 0, 0, 0, 0, 0, -16.2582385, 0, 0, 0, 0, 0, 0, 0, 0, 0, 0, 0, 0, 0, 0, 0, 0, None, ]
[4.68407624935, 0.1, 0, 0, 0, 4.6710678815, 0, 0, 0, 3.38148204592, 0, 0, 0, 0, 0, 0, 0, 0, 0, 1.71518466285, 0, 0, 0, 0, 0, 0, 0, 0, -6.09935, -6.09935, -2.32875640847, 0, 0, 0, 0, 0, 0, 0, 0, 0, 0, 0, 0, 0, 0, 0, 0, -16.2582385, 0, 0, 0, 0, 0, 0, 0, 0, 0, 0, 0, 0, 0, 0, 0, 0, None, ]
[4.68272870188, 0.1, 0, 0, 0, 4.64207548313, 0, 0, 0, 3.41483515576, 0, 0, 0, 0, 0, 0, 0, 0, 0, 1.61081384328, 0, 0, 0, 0, 0, 0, 0, 0, -6.09935, -6.09935, -3.32154203524, 0, 0, 0, 0, 0, 0, 0, 0, 0, 0, 0, 0, 0, 0, 0, 0, -16.2582385, 0, 0, 0, 0, 0, 0, 0, 0, 0, 0, 0, 0, 0, 0, 0, 0, None, ]
[4.67861695925, 0.1, 0, 0, 0, 4.61931730204, 0, 0, 0, 3.43441691638, 0, 0, 0, 0, 0, 0, 0, 0, 0, 1.41761147085, 0, 0, 0, 0, 0, 0, 0, 0, -6.09935, -6.09935, -4.21504909933, 0, 0, 0, 0, 0, 0, 0, 0, 0, 0, 0, 0, 0, 0, 0, 0, -20.63176465, 0, 0, 0, 0, 0, 0, 0, 0, 0, 0, 0, 0, 0, 0, 0, 0, None, ]
[4.67264080036, 0.1, 0, 0, 0, 4.6007929193, 0, 0, 0, 3.43272219571, 0, 0, 0, 0, 0, 0, 0, 0, 0, 1.15438756432, 0, 0, 0, 0, 0, 0, 0, 0, -6.09935, -6.09935, -5.45651433675, 0, 0, 0, 0, 0, 0, 0, 0, 0, 0, 0, 0, 0, 0, 0, 0, -20.63176465, 0, 0, 0, 0, 0, 0, 0, 0, 0, 0, 0, 0, 0, 0, 0, 0, None, ]
[4.66541000432, 0.1, 0, 0, 0, 4.58395151972, 0, 0, 0, 3.40487718869, 0, 0, 0, 0, 0, 0, 0, 0, 0, 0.793351939361, 0, 0, 0, 0, 0, 0, 0, 0, -6.09935, -6.09935, -6.09935, 0, 0, 0, 0, 0, 0, 0, 0, 0, 0, 0, 0, 0, 0, 0, 0, -20.63176465, 0, 0, 0, 0, 0, 0, 0, 0, 0, 0, 0, 0, 0, 0, 0, 0, None, ]
[4.65721831635, 0.1, 0, 0, 0, 4.56601003785, 0, 0, 0, 3.34371673024, 0, 0, 0, 0, 0, 0, 0, 0, 0, 0.404142738925, 0, 0, 0, 0, 0, 0, 0, 0, -6.09935, -6.09935, -6.09935, 0, 0, 0, 0, 0, 0, 0, 0, 0, 0, 0, 0, 0, 0, 0, 0, -20.63176465, 0, 0, 0, 0, 0, 0, 0, 0, 0, 0, 0, 0, 0, 0, 0, 0, None, ]
[4.6480518284, 0.1, 0, 0, 0, 4.54374726992, 0, 0, 0, 3.24975528968, 0, 0, 0, 0, 0, 0, 0, 0, 0, 0.0538544585322, 0, 0, 0, 0, 0, 0, 0, 0, -6.09935, -6.09935, -6.09935, 0, 0, 0, 0, 0, 0, 0, 0, 0, 0, 0, 0, 0, 0, 0, 0, -20.63176465, 0, 0, 0, 0, 0, 0, 0, 0, 0, 0, 0, 0, 0, 0, 0, 0, None, ]
Policy - [4, 3, 3, 0, 0, 0, 0, 0, 0, 1, 0, 0, 0, 0, 0, 0, 0, 0, 0, 5, 0, 0, 0, 0, 0, 0, 0, 0, 0, 6, 7, 0, 0, 0, 0, 0, 0, 0, 0, 0, 0, 0, 0, 0, 0, 0, 0, 0, 0, 0, 0, 0, 0, 0, 0, 0, 0, 0, 0, 0, 0, 0, 0, 0, 0, ]
[4.63757593508, 0.1, 0, 0, 0, 4.51431557434, 0, 0, 0, 3.13016466802, 0, 0, 0, 0, 0, 0, 0, 0, 0, 0, 0, 0, 0, 0, 0, 0, 0, 0, -6.09935, -6.09935, -6.09935, 0, 0, 0, 0, 0, 0, 0, 0, 0, 0, 0, 0, 0, 0, 0, 0, -20.63176465, 0, 0, 0, 0, 0, 0, 0, 0, 0, 0, 0, 0, 0, 0, 0, 0, None, ]
[4.62520475585, 0.1, 0, 0, 0, 4.47586918206, 0, 0, 0, 3.01714820122, 0, 0, 0, 0, 0, 0, 0, 0, 0, 0, 0, 0, 0, 0, 0, 0, 0, 0, -6.09935, -6.09935, -6.09935, 0, 0, 0, 0, 0, 0, 0, 0, 0, 0, 0, 0, 0, 0, 0, 0, -20.63176465, 0, 0, 0, 0, 0, 0, 0, 0, 0, 0, 0, 0, 0, 0, 0, 0, None, ]
[4.61022643978, 0.1, 0, 0, 0, 4.4299669125, 0, 0, 0, 2.9154333811, 0, 0, 0, 0, 0, 0, 0, 0, 0, -0.152968912943, 0, 0, 0, 0, 0, 0, 0, 0, -6.09935, -6.09935, -6.09935, 0, 0, 0, 0, 0, 0, 0, 0, 0, 0, 0, 0, 0, 0, 0, 0, -20.63176465, 0, 0, 0, 0, 0, 0, 0, 0, 0, 0, 0, 0, 0, 0, 0, 0, None, ]
[4.59215618738, 0.1, 0, 0, 0, 4.37848440502, 0, 0, 0, 2.80859468138, 0, 0, 0, 0, 0, 0, 0, 0, 0, -0.260054792517, 0, 0, 0, 0, 0, 0, 0, 0, -6.09935, -6.09935, -6.09935, 0, 0, 0, 0, 0, 0, 0, 0, 0, 0, 0, 0, 0, 0, 0, 0, -20.63176465, 0, 0, 0, 0, 0, 0, 0, 0, 0, 0, 0, 0, 0, 0, 0, 0, None, ]
[4.5707452243, 0.1, 0, 0, 0, 4.32146734671, 0, 0, 0, 2.70173233454, 0, 0, 0, 0, 0, 0, 0, 0, 0, -0.261404993821, 0, 0, 0, 0, 0, 0, 0, 0, -6.09935, -6.09935, -6.09935, 0, 0, 0, 0, 0, 0, 0, 0, 0, 0, 0, 0, 0, 0, 0, 0, -20.63176465, 0, 0, 0, 0, 0, 0, 0, 0, 0, 0, 0, 0, 0, 0, 0, 0, None, ]
[4.54577422187, 0.1, 0, 0, 0, 4.25946682817, 0, 0, 0, 2.60542121576, 0, 0, 0, 0, 0, 0, 0, 0, 0, -0.447546028149, 0, 0, 0, 0, 0, 0, 0, 0, -6.09935, -6.09935, -6.09935, 0, 0, 0, 0, 0, 0, 0, 0, 0, 0, 0, 0, 0, 0, 0, 0, -20.63176465, 0, 0, 0, 0, 0, 0, 0, 0, 0, 0, 0, 0, 0, 0, 0, 0, None, ]
[4.51710088783, 0.1, 0, 0, 0, 4.19403621272, 0, 0, 0, 2.50012896683, 0, 0, 0, 0, 0, 0, 0, 0, 0, -0.543923319765, 0, 0, 0, 0, 0, 0, 0, 0, -6.09935, -6.09935, -6.09935, 0, 0, 0, 0, 0, 0, 0, 0, 0, 0, 0, 0, 0, 0, 0, 0, -20.63176465, 0, 0, 0, 0, 0, 0, 0, 0, 0, 0, 0, 0, 0, 0, 0, 0, None, ]
[4.48475247996, 0.1, 0, 0, 0, 4.12462048684, 0, 0, 0, 2.3957291774, 0, 0, 0, 0, 0, 0, 0, 0, 0, -0.545138500939, 0, 0, 0, 0, 0, 0, 0, 0, -6.09935, -6.09935, -6.09935, 0, 0, 0, 0, 0, 0, 0, 0, 0, 0, 0, 0, 0, 0, 0, 0, -20.63176465, 0, 0, 0, 0, 0, 0, 0, 0, 0, 0, 0, 0, 0, 0, 0, 0, None, ]
[4.44869803444, 0.1, 0, 0, 0, 4.0517073986, 0, 0, 0, 2.30164786095, 0, 0, 0, 0, 0, 0, 0, 0, 0, -0.712665431834, 0, 0, 0, 0, 0, 0, 0, 0, -6.09935, -6.09935, -6.09935, 0, 0, 0, 0, 0, 0, 0, 0, 0, 0, 0, 0, 0, 0, 0, 0, -20.63176465, 0, 0, 0, 0, 0, 0, 0, 0, 0, 0, 0, 0, 0, 0, 0, 0, None, ]
[4.40895845378, 0.1, 0, 0, 0, 3.97667842836, 0, 0, 0, 2.20022365833, 0, 0, 0, 0, 0, 0, 0, 0, 0, -0.799404994289, 0, 0, 0, 0, 0, 0, 0, 0, -6.09935, -6.09935, -6.09935, 0, 0, 0, 0, 0, 0, 0, 0, 0, 0, 0, 0, 0, 0, 0, 0, -20.63176465, 0, 0, 0, 0, 0, 0, 0, 0, 0, 0, 0, 0, 0, 0, 0, 0, None, ]
Policy - [4, 3, 3, 0, 0, 0, 0, 0, 0, 1, 0, 0, 0, 0, 0, 0, 0, 0, 0, 4, 0, 0, 0, 0, 0, 0, 0, 0, 1, 7, 5, 0, 0, 0, 0, 0, 0, 0, 0, 0, 0, 0, 0, 0, 0, 0, 0, 0, 0, 0, 0, 0, 0, 0, 0, 0, 0, 0, 0, 0, 0, 0, 0, 0, 4, ]
[4.36569068446, 0.1, 0, 0, 0, 3.89901094912, 0, 0, 0, 2.10026878711, 0, 0, 0, 0, 0, 0, 0, 0, 0, -0.800498657345, 0, 0, 0, 0, 0, 0, 0, 0, -6.09935, -11.588765, -6.09935, 0, 0, 0, 0, 0, 0, 0, 0, 0, 0, 0, 0, 0, 0, 0, 0, -20.63176465, 0, 0, 0, 0, 0, 0, 0, 0, 0, 0, 0, 0, 0, 0, 0, 0, None, ]
[4.31898372081, 0.1, 0, 0, 0, 3.81911573023, 0, 0, 0, 2.01020004766, 0, 0, 0, 0, 0, 0, 0, 0, 0, -0.951272895151, 0, 0, 0, 0, 0, 0, 0, 0, -6.09935, -11.588765, -6.09935, 0, 0, 0, 0, 0, 0, 0, 0, 0, 0, 0, 0, 0, 0, 0, 0, -20.63176465, 0, 0, 0, 0, 0, 0, 0, 0, 0, 0, 0, 0, 0, 0, 0, 0, None, ]
[4.2689587306, 0.1, 0, 0, 0, 3.73820405997, 0, 0, 0, 1.9140622661, 0, 0, 0, 0, 0, 0, 0, 0, 0, -1.02933850136, 0, 0, 0, 0, 0, 0, 0, 0, -6.15058274083, -11.588765, -6.09935, 0, 0, 0, 0, 0, 0, 0, 0, 0, 0, 0, 0, 0, 0, 0, 0, -20.63176465, 0, 0, 0, 0, 0, 0, 0, 0, 0, 0, 0, 0, 0, 0, 0, 0, None, ]
[4.21584588149, 0.1, 0, 0, 0, 3.65577073996, 0, 0, 0, 1.81973248274, 0, 0, 0, 0, 0, 0, 0, 0, 0, -1.03032279811, 0, 0, 0, 0, 0, 0, 0, 0, -6.15058274083, -11.588765, -6.09935, 0, 0, 0, 0, 0, 0, 0, 0, 0, 0, 0, 0, 0, 0, 0, 0, -20.63176465, 0, 0, 0, 0, 0, 0, 0, 0, 0, 0, 0, 0, 0, 0, 0, 0, None, ]
[4.15980180963, 0.1, 0, 0, 0, 3.57214871692, 0, 0, 0, 1.73473725789, 0, 0, 0, 0, 0, 0, 0, 0, 0, -1.16601961214, 0, 0, 0, 0, 0, 0, 0, 0, -6.15058274083, -11.588765, -6.57383305043, 0, 0, 0, 0, 0, 0, 0, 0, 0, 0, 0, 0, 0, 0, 0, 0, -20.63176465, 0, 0, 0, 0, 0, 0, 0, 0, 0, 0, 0, 0, 0, 0, 0, 0, None, ]
[4.10100077888, 0.1, 0, 0, 0, 3.48839022364, 0, 0, 0, 1.64467323108, 0, 0, 0, 0, 0, 0, 0, 0, 0, -1.2371645248, 0, 0, 0, 0, 0, 0, 0, 0, -7.1984946141, -11.588765, -6.57383305043, 0, 0, 0, 0, 0, 0, 0, 0, 0, 0, 0, 0, 0, 0, 0, 0, -20.63176465, 0, 0, 0, 0, 0, 0, 0, 0, 0, 0, 0, 0, 0, 0, 0, 0, None, ]
[4.03970483945, 0.1, 0, 0, 0, 3.40400207765, 0, 0, 0, 1.55650182714, 0, 0, 0, 0, 0, 0, 0, 0, 0, -1.36441441918, 0, 0, 0, 0, 0, 0, 0, 0, -7.1984946141, -11.588765, -7.57941989274, 0, 0, 0, 0, 0, 0, 0, 0, 0, 0, 0, 0, 0, 0, 0, 0, -20.63176465, 0, 0, 0, 0, 0, 0, 0, 0, 0, 0, 0, 0, 0, 0, 0, 0, None, ]
[3.97610052325, 0.1, 0, 0, 0, 3.31923648758, 0, 0, 0, 1.46442384665, 0, 0, 0, 0, 0, 0, 0, 0, 0, -1.47076563903, 0, 0, 0, 0, 0, 0, 0, 0, -8.14161530005, -11.588765, -7.57941989274, 0, 0, 0, 0, 0, 0, 0, 0, 0, 0, 0, 0, 0, 0, 0, 0, -20.63176465, 0, 0, 0, 0, 0, 0, 0, 0, 0, 0, 0, 0, 0, 0, 0, 0, None, ]
[3.91038092732, 0.1, 0, 0, 0, 3.23374057925, 0, 0, 0, 1.37091960574, 0, 0, 0, 0, 0, 0, 0, 0, 0, -1.64775045372, 0, 0, 0, 0, 0, 0, 0, 0, -8.14161530005, -11.588765, -8.48444805082, 0, 0, 0, 0, 0, 0, 0, 0, 0, 0, 0, 0, 0, 0, 0, 0, -20.63176465, 0, 0, 0, 0, 0, 0, 0, 0, 0, 0, 0, 0, 0, 0, 0, 0, None, ]
[3.84268455511, 0.1, 0, 0, 0, 3.1474447727, 0, 0, 0, 1.2690690773, 0, 0, 0, 0, 0, 0, 0, 0, 0, -1.7815552702, 0, 0, 0, 0, 0, 0, 0, 0, -8.9904239174, -11.588765, -8.48444805082, 0, 0, 0, 0, 0, 0, 0, 0, 0, 0, 0, 0, 0, 0, 0, 0, -24.567938185, 0, 0, 0, 0, 0, 0, 0, 0, 0, 0, 0, 0, 0, 0, 0, 0, None, ]
Policy - [4, 3, 3, 0, 0, 0, 0, 0, 0, 1, 0, 0, 0, 0, 0, 0, 0, 0, 0, 5, 0, 0, 0, 0, 0, 0, 0, 0, 4, 5, 3, 0, 0, 0, 0, 0, 0, 0, 0, 0, 0, 0, 0, 0, 0, 0, 0, 5, 0, 0, 0, 0, 0, 0, 0, 0, 0, 0, 0, 0, 0, 0, 0, 0, 5, ]
[3.77312910242, 0.1, 0, 0, 0, 3.05959451247, 0, 0, 0, 1.1640244581, 0, 0, 0, 0, 0, 0, 0, 0, 0, -1.78516526357, 0, 0, 0, 0, 0, 0, 0, 0, -8.9904239174, -11.588765, -9.69255138485, 0, 0, 0, 0, 0, 0, 0, 0, 0, 0, 0, 0, 0, 0, 0, 0, -24.567938185, 0, 0, 0, 0, 0, 0, 0, 0, 0, 0, 0, 0, 0, 0, 0, 0, None, ]
[3.70174504748, 0.1, 0, 0, 0, 2.97002586679, 0, 0, 0, 1.06912333758, 0, 0, 0, 0, 0, 0, 0, 0, 0, -1.9970555222, 0, 0, 0, 0, 0, 0, 0, 0, -8.9904239174, -11.588765, -9.69255138485, 0, 0, 0, 0, 0, 0, 0, 0, 0, 0, 0, 0, 0, 0, 0, 0, -24.567938185, 0, 0, 0, 0, 0, 0, 0, 0, 0, 0, 0, 0, 0, 0, 0, 0, None, ]
[3.62854342915, 0.1, 0, 0, 0, 2.87992492264, 0, 0, 0, 0.96252542216, 0, 0, 0, 0, 0, 0, 0, 0, 0, -2.15175970378, 0, 0, 0, 0, 0, 0, 0, 0, -10.1479296648, -11.588765, -9.69255138485, 0, 0, 0, 0, 0, 0, 0, 0, 0, 0, 0, 0, 0, 0, 0, 0, -24.567938185, 0, 0, 0, 0, 0, 0, 0, 0, 0, 0, 0, 0, 0, 0, 0, 0, None, ]
[3.55365277925, 0.1, 0, 0, 0, 2.78817534733, 0, 0, 0, 0.851118427163, 0, 0, 0, 0, 0, 0, 0, 0, 0, -2.39630245748, 0, 0, 0, 0, 0, 0, 0, 0, -10.1479296648, -11.588765, -10.7798443855, 0, 0, 0, 0, 0, 0, 0, 0, 0, 0, 0, 0, 0, 0, 0, 0, -24.567938185, 0, 0, 0, 0, 0, 0, 0, 0, 0, 0, 0, 0, 0, 0, 0, 0, None, ]
[3.4770771543, 0.1, 0, 0, 0, 2.69446114413, 0, 0, 0, 0.726400301723, 0, 0, 0, 0, 0, 0, 0, 0, 0, -2.46540934957, 0, 0, 0, 0, 0, 0, 0, 0, -11.1896848374, -11.588765, -10.7798443855, 0, 0, 0, 0, 0, 0, 0, 0, 0, 0, 0, 0, 0, 0, 0, 0, -24.567938185, 0, 0, 0, 0, 0, 0, 0, 0, 0, 0, 0, 0, 0, 0, 0, 0, None, ]
[3.39878860868, 0.1, 0, 0, 0, 2.59764779589, 0, 0, 0, 0.607243990687, 0, 0, 0, 0, 0, 0, 0, 0, 0, -2.60574194638, 0, 0, 0, 0, 0, 0, 0, 0, -11.1896848374, -11.588765, -10.7798443855, 0, 0, 0, 0, 0, 0, 0, 0, 0, 0, 0, 0, 0, 0, 0, 0, -24.567938185, 0, 0, 0, 0, 0, 0, 0, 0, 0, 0, 0, 0, 0, 0, 0, 0, None, ]
[3.31864855092, 0.1, 0, 0, 0, 2.49860134293, 0, 0, 0, 0.4859714544, 0, 0, 0, 0, 0, 0, 0, 0, 0, -2.87136369892, 0, 0, 0, 0, 0, 0, 0, 0, -11.1896848374, -11.588765, -11.588765, 0, 0, 0, 0, 0, 0, 0, 0, 0, 0, 0, 0, 0, 0, 0, 0, -24.567938185, 0, 0, 0, 0, 0, 0, 0, 0, 0, 0, 0, 0, 0, 0, 0, 0, None, ]
[3.23661884411, 0.1, 0, 0, 0, 2.39733349436, 0, 0, 0, 0.350266652706, 0, 0, 0, 0, 0, 0, 0, 0, 0, -3.07762902696, 0, 0, 0, 0, 0, 0, 0, 0, -11.588765, -11.588765, -11.588765, 0, 0, 0, 0, 0, 0, 0, 0, 0, 0, 0, 0, 0, 0, 0, 0, -24.567938185, 0, 0, 0, 0, 0, 0, 0, 0, 0, 0, 0, 0, 0, 0, 0, 0, None, ]
[3.1526663358, 0.1, 0, 0, 0, 2.29262330753, 0, 0, 0, 0.207507861029, 0, 0, 0, 0, 0, 0, 0, 0, 0, -3.12304439184, 0, 0, 0, 0, 0, 0, 0, 0, -11.588765, -11.588765, -11.588765, 0, 0, 0, 0, 0, 0, 0, 0, 0, 0, 0, 0, 0, 0, 0, 0, -24.567938185, 0, 0, 0, 0, 0, 0, 0, 0, 0, 0, 0, 0, 0, 0, 0, 0, None, ]
[3.06663910674, 0.1, 0, 0, 0, 2.1841096878, 0, 0, 0, 0.074483866186, 0, 0, 0, 0, 0, 0, 0, 0, 0, -3.40308391592, 0, 0, 0, 0, 0, 0, 0, 0, -11.588765, -11.588765, -11.588765, 0, 0, 0, 0, 0, 0, 0, 0, 0, 0, 0, 0, 0, 0, 0, 0, -24.567938185, 0, 0, 0, 0, 0, 0, 0, 0, 0, 0, 0, 0, 0, 0, 0, 0, None, ]
Policy - [4, 3, 3, 0, 0, 0, 0, 0, 0, 1, 0, 0, 0, 0, 0, 0, 0, 0, 0, 3, 0, 0, 0, 0, 0, 0, 0, 0, 0, 3, 2, 0, 0, 0, 0, 0, 0, 0, 0, 0, 0, 0, 0, 0, 0, 0, 0, 3, 0, 0, 0, 0, 0, 0, 0, 0, 0, 0, 0, 0, 0, 0, 0, 0, 2, ]
