[0, 0, 0, 0, 0, 0, 0, 0, 0, 0, 0, 0, 0, 0, 0, 0, 0, 0, 0, 0, 0, 0, 0, 0, 0, 0, 0, 0, 0, 0, 0, 0, 0, 0, 0, 0, 0, 0, 0, 0, 0, 0, 0, 0, 0, 0, 0, 0, 0, 0, 0, 0, 0, 0, 0, 0, 0, 0, 0, 0, 0, 0, 0, 0, 0, ]
[0.0, 0, 0, 0, 0, 0, 0, 0, 0, 0, 0, 0, 0, 0, 0, 0, 0, 0, 0, 0, 0, 0, 0, 0, 0, 0, 0, 0, 0, 0, 0, 0, 0, 0, 0, 0, 0, 0, 0, 0, 0, 0, 0, 0, 0, 0, 0, 0, 0, 0, 0, 0, 0, 0, 0, 0, 0, 0, 0, 0, 0, 0, 0, 0, None, ]
[0.0, 0, 0, 0, 0, 0, 0.1, 0, 0, 0, 0, 0, 0, 0, 0, 0, 0, 0, 0, 0, 0, 0, 0, 0, 0, 0, 0, 0, 0, 0, 0, 0, 0, 0, 0, 0, 0, 0, 0, 0, 0, 0, 0, 0, 0, 0, 0, 0, 0, 0, 0, 0, 0, 0, 0, 0, 0, 0, 0, 0, 0, 0, 0, 0, None, ]
[0.0, 0.1, 0, 0, 0, 0, 0.1, 0, 0, 0, 0, 0, 0, 0, 0, 0, 0, 0, 0, 0, 0, 0, 0, 0, 0, 0, 0, 0, 0, 0, 0, 0, 0, 0, 0, 0, 0, 0, 0, 0, 0, 0, 0, 0, 0, 0, 0, 0, 0, 0, 0, 0, 0, 0, 0, 0, 0, 0, 0, 0, 0, 0, 0, 0, None, ]
[0.0, 0.1, 0, 0, 0, 0.1, 0.1, 0, 0, 0, 0, 0, 0, 0, 0, 0, 0, 0, 0, 0, 0, 0, 0, 0, 0, 0, 0, 0, 0, 0, 0, 0, 0, 0, 0, 0, 0, 0, 0, 0, 0, 0, 0, 0, 0, 0, 0, 0, 0, 0, 0, 0, 0, 0, 0, 0, 0, 0, 0, 0, 0, 0, 0, 0, None, ]
[0.0, 0.1, 0, 0.1, 0, 0.1, 0.1, 0, 0, 0, 0, 0, 0, 0, 0, 0, 0, 0, 0, 0, 0, 0, 0, 0, 0, 0, 0, 0, 0, 0, 0, 0, 0, 0, 0, 0, 0, 0, 0, 0, 0, 0, 0, 0, 0, 0, 0, 0, 0, 0, 0, 0, 0, 0, 0, 0, 0, 0, 0, 0, 0, 0, 0, 0, None, ]
[0.009999, 0.19, 0, 0.1, 0, 0.1, 0.1, 0, 0.2, 0, 0, 0, 0, 0, 0, 0, 0, 0, 0, 0, 0, 0, 0, 0, 0, 0, 0, 0, 0, 0, 0, 0, 0, 0, 0, 0, 0, 0, 0, 0, 0, 0, 0, 0, 0, 0, 0, 0, 0, 0, 0, 0, 0, 0, 0, 0, 0, 0, 0, 0, 0, 0, 0, 0, None, ]
[0.0279972, 0.290998, 0, 0.1, 0, 0.1, 0.1, 0, 0.38, 0, 0, 0, 0, 0, 0, 0, 0, 0, 0, 0, 0, 0.3, 0, 0, 0, 0, 0, 0, 0, 0, 0, 0, 0, 0, 0, 0, 0, 0, 0, 0, 0, 0, 0, 0, 0, 0, 0, 0, 0, 0, 0, 0, 0, 0, 0, 0, 0, 0, 0, 0, 0, 0, 0, 0, None, ]
[0.05429437002, 0.3998944, 0, 0.1, 0, 0.1, 0.1, 0, 0.571997, 0, 0, 0, 0, 0, 0, 0, 0, 0, 0, 0, 0, 0.57, 0, 0, 0, 0, 0, 0, 0, 0, 0, 0, 0, 0, 0, 0, 0, 0, 0, 0, 0, 0, 0, 0, 0, 0, 0, 0, 0, 0, 0, 0, 0, 0, 0, 0, 0, 0, 0, 0, 0, 0, 0, 0, None, ]
[0.088850374074, 0.51709894003, 0, 0.1, 0, 0.1, 0.1, 0, 0.7717916, 0, 0, 0, 0, 0, 0, 0, 0, 0, 0, 0, 0, 0.813, 0, 0, 0, 0, 0, 0, 0, 0, 0, 0, 0, 0, 0, 0.4, 0, 0, 0, 0, 0, 0, 0, 0, 0, 0, 0, 0, 0, 0, 0, 0, 0, 0, 0, 0, 0, 0, 0, 0, 0, 0, 0, 0, None, ]
[0.13167005968, 0.642560488111, 0, 0.1, 0, 0.1, 0.1, 0, 0.97590431, 0, 0, 0, 0, 0, 0, 0, 0, 0, 0, 0, 0, 1.071696, 0, 0, 0, 0, 0, 0, 0, 0, 0, 0, 0, 0, 0, 0.76, 0, 0, 0, 0, 0, 0, 0, 0, 0, 0, 0, 0, 0, 0, 0, 0, 0, 0, 0, 0, 0, 0, 0, 0, 0, 0, 0, 0, None, ]
Policy - [0, 2, 0, 0, 0, 0, 0, 6, 3, 6, 6, 0, 0, 0, 0, 0, 0, 0, 0, 0, 0, 4, 0, 0, 0, 0, 0, 0, 0, 0, 0, 0, 0, 0, 0, 1, 0, 0, 0, 0, 0, 0, 0, 0, 3, 0, 0, 0, 0, 0, 0, 0, 0, 0, 0, 0, 0, 0, 0, 0, 0, 0, 0, 0, 5, ]
[0.182752676918, 0.775885111257, 0, 0.1, 0, 0.1, 0.1, 0, 1.18547276204, 0, 0, 0, 0, 0, 0, 0, 0, 0, 0, 0, 0, 1.3405188, 0, 0, 0, 0, 0, 0, 0, 0, 0, 0, 0, 0, 0, 1.084, 0, 0, 0, 0, 0, 0, 0, 0, 0, 0, 0, 0, 0, 0, 0, 0, 0, 0, 0, 0, 0, 0, 0, 0, 0, 0, 0, 0, None, ]
[0.242058161501, 0.916832021607, 0, 0.1, 0, 0.1, 0.1, 0, 1.40096396065, 0, 0, 0, 0, 0, 0, 0, 0, 0, 0, 0, 0, 1.61485608, 0, 0, 0, 0, 0, 0, 0, 0, 0, 0, 0, 0, 0, 1.3756, 0, 0, 0, 0, 0, 0, 0, 0, 0, 0, 0, 0, 0, 0, 0, 0, 0, 0, 0, 0, 0, 0, 0, 0, 0, 0, 0, 0, None, ]
[0.309526379192, 1.06523120587, 0, 0.1, 0, 0.1, 0.1, 0, 1.62233702402, 0, 0, 0, 0, 0, 0, 0, 0, 0, 0, 0, 0, 1.890916716, 0, 0, 0, 0, 0, 0, 0, 0, 0, 0, 0, 0, 0, 1.63804, 0, 0, 0, 0, 0, 0, 0, 0, 0, 0, 0, 0, 0, 0, 0, 0, 0, 0, 0, 0, 0, 0, 0, 0, 0, 0, 0, 0, None, ]
[0.385086209548, 1.22092556432, 0, 0.1, 0, 0.1, 0.1, 0, 1.84917608405, 0, 0, 0, 0, 0, 0, 0, 0, 0, 0, 0, 0, 2.165612664, 0, 0, 0, 0, 0, 0, 0, 0, 0, 0, 0, 0, 0, 1.874236, 0, 0, 0, 0, 0, 0, 0, 0, 0, 0, 0, 0, 0, 0, 0, 0, 0, 0, 0, 0, 0, 0, 0, 0, 0, 0, 0, 0, None, ]
[0.468657935769, 1.38373212453, 0, 0.1, 0, 0.1, 0.1, 0, 2.08079808592, 0, 0, 0, 0, 0, 0, 0, 0, 0, 0, 0, 0, 2.43645625524, 0, 0, 0, 0, 0, 0, 0, 0, 0, 0, 0, 0, 0, 2.0868124, 0, 0, 0, 0, 0, 0, 0, 0, -5.99935, 0, 0, 0, 0, 0, 0, 0, 0, 0, 0, 0, 0, 0, 0, 0, 0, 0, 0, 0, None, ]
[0.560151517324, 1.55341791269, 0, 0.1, 0, 0.1, 0.1, 0, 2.31633953829, 0, 0, 0, 0, 0, 0, 0, 0, 0, 0, 0, 0, 2.70147100159, 0, 0, 0, 0, 0, 0, 0, 0, 0, 0, 0, 0, 0, 1.6782561535, 0, 0, 0, 0, 0, 0, 0, 0, -5.99935, 0, 0, 0, 0, 0, 0, 0, 0, 0, 0, 0, 0, 0, 0, 0, 0, 0, 0, 0, None, ]
[0.659462622681, 1.72968691185, 0, 0.1, 0, 0.1, 0.1, 0, 2.55482566991, 0, 0, 0, 0, 0, 0, 0, 0, 0, 0, 0, 0, 2.89913273422, 0, 0, 0, 0, 0, 0, 0, 0, 0, 0, 0, 0, 0, 1.31055553165, 0, 0, 0, 0, 0, 0, 0, 0, -5.99935, 0, 0, 0, 0, 0, 0, 0, 0, 0, 0, 0, 0, 0, 0, 0, 0, 0, 0, 0, None, ]
[0.766467754729, 1.9121752394, 0, 0.1, 0, 0.1, 0.1, 0, 2.78922738501, 0, 0, 0, 0, 0, 0, 0, 0, 0, 0, 0, 0, 3.04026190841, 0, 0, 0, 0, 0, 0, 0, 0, 0, 0, 0, 0, 0, 0.979624971985, 0, 0, 0, 0, 0, 0, 0, 0, -5.99935, 0, 0, 0, 0, 0, 0, 0, 0, 0, 0, 0, 0, 0, 0, 0, 0, 0, 0, 0, None, ]
[0.881019381444, 2.09985256169, 0, 0.1, 0, 0.1, 0.1, 0, 3.01430043473, 0, 0, 0, 0, 0, 0, 0, 0, 0, 0, 0, 0, 3.13418841852, 0, 0, 0, 0, 0, 0, 0, 0, 0, 0, 0, 0, 0, 0.681787468287, 0, 0, 0, 0, 0, 0, 0, 0, -5.99935, 0, 0, 0, 0, 0, 0, 0, 0, 0, 0, 0, 0, 0, 0, 0, 0, 0, 0, 0, None, ]
[1.00288170094, 2.29126720599, 0, 0.1, 0, 0.1, 0.1, 0, 3.22625789123, 0, 0, 0, 0, 0, 0, 0, 0, 0, 0, 0, 0, 3.18894150562, 0, 0, 0, 0, 0, 0, 0, 0, 0, 0, 0, 0, 0, 0.413733714958, 0, 0, 0, 0, 0, 0, 0, 0, -5.99935, 0, 0, 0, 0, 0, 0, 0, 0, 0, 0, 0, 0, 0, 0, 0, 0, 0, 0, 0, None, ]
Policy - [0, 2, 0, 0, 0, 0, 0, 6, 3, 6, 6, 0, 0, 0, 0, 0, 0, 0, 0, 0, 0, 4, 0, 0, 0, 0, 0, 0, 0, 0, 0, 0, 0, 0, 0, 1, 0, 0, 0, 0, 0, 0, 0, 0, 6, 0, 0, 0, 0, 0, 0, 0, 0, 0, 0, 0, 0, 0, 0, 0, 0, 0, 0, 0, 6, ]
[1.13169733878, 2.48473401193, 0, 0.1, 0, 0.1, 0.1, 0, 3.42249436325, 0, 0, 0, 0, 0, 0, 0, 0, 0, 0, 0, 0, 3.21141658922, 0, 0, 0, 0, 0, 0, 0, 0, 0, 0, 0, 0, 0, 0.172485336962, 0, 0, 0, 0, 0, 0, 0, 0, -5.99935, 0, 0, 0, 0, 0, 0, 0, 0, 0, 0, 0, 0, 0, 0, 0, 0, 0, 0, 0, None, ]
[1.26697615875, 2.67847582212, 0, 0.1, 0, 0.1, 0.1, 0, 3.60135447168, 0, 0, 0, 0, 0, 0, 0, 0, 0, 0, 0, 0, 3.20752173914, 0, 0, 0, 0, 0, 0, 0, 0, 0, 0, 0, 0, 0, 0, 0, 0, 0, 0, 0, 0, 0, 0, -11.398765, 0, 0, 0, 0, 0, 0, 0, 0, 0, 0, 0, 0, 0, 0, 0, 0, 0, 0, 0, None, ]
[1.40809934033, 2.87072767353, 0, 0.1, 0, 0.1, 0.1, 0, 3.76193912321, 0, 0, 0, 0, 0, 0, 0, 0, 0, 0, 0, 0, 3.18676956522, 0, 0, 0, 0, 0, 0, 0, 0, 0, 0, 0, 0, 0, 0, 0, 0, 0, 0, 0, 0, 0, 0, -11.398765, 0, 0, 0, 0, 0, 0, 0, 0, 0, 0, 0, 0, 0, 0, 0, 0, 0, 0, 0, None, ]
[1.55433346637, 3.05981119911, 0, 0.1, 0, 0.1, 0.1, 0, 3.90439029972, 0, 0, 0, 0, 0, 0, 0, 0, 0, 0, 0, 0, 3.1680926087, 0, 0, 0, 0, 0, 0, 0, 0, 0, 0, 0, 0, 0, 0, 0, 0, 0, 0, 0, 0, 0, 0, -11.398765, 0, 0, 0, 0, 0, 0, 0, 0, 0, 0, 0, 0, 0, 0, 0, 0, 0, 0, 0, None, ]
[1.70485064154, 3.24423006527, 0, 0.1, 0, 0.1, 0.1, 0, 4.03072884969, 0, 0, 0, 0, 0, 0, 0, 0, 0, 0, 0, 0, 3.15128334783, 0, 0, 0, 0, 0, 0, 0, 0, 0, 0, 0, 0, 0, 0, 0, 0, 0, 0, 0, 0, 0, 0, -11.398765, 0, 0, 0, 0, 0, 0, 0, 0, 0, 0, 0, 0, 0, 0, 0, 0, 0, 0, 0, None, ]
[1.85875614161, 3.42283963642, 0, 0.1, 0, 0.1, 0.1, 0, 4.14275278667, 0, 0, 0, 0, 0, 0, 0, 0, 0, 0, 0, 0, 3.13615501305, 0, 0, 0, 0, 0, 0, 0, 0, 0, 0, 0, 0, 0, 0, 0, 0, 0, 0, 0, 0, 0, 0, -11.398765, 0, 0, 0, 0, 0, 0, 0, 0, 0, 0, 0, 0, 0, 0, 0, 0, 0, 0, 0, None, ]
[2.01513026269, 3.59478952392, 0, 0.1, 0, 0.1, 0.1, 0, 4.24206164776, 0, 0, 0, 0, 0, 0, 0, 0, 0, 0, 0, 0, 3.12253951174, 0, 0, 0, 0, 0, 0, 0, 0, 0, 0, 0, 0, 0, -0.0446382032341, 0, 0, 0, 0, 0, 0, 0, 0, -11.398765, 0, 0, 0, 0, 0, 0, 0, 0, 0, 0, 0, 0, 0, 0, 0, 0, 0, 0, 0, None, ]
[2.17306024092, 3.75947431569, 0, 0.1, 0, 0.1, 0.1, 0, 4.33007820876, 0, 0, 0, 0, 0, 0, 0, 0, 0, 0, 0, 0, 3.10582218663, 0, 0, 0, 0, 0, 0, 0, 0, 0, 0, 0, 0, 0, -0.779936895261, 0, 0, 0, 0, 0, 0, 0, 0, -11.398765, 0, 0, 0, 0, 0, 0, 0, 0, 0, 0, 0, 0, 0, 0, 0, 0, 0, 0, 0, None, ]
[2.33166405365, 3.91649140421, 0, 0.1, 0, 0.1, 0.1, 0, 4.40762154833, 0, 0, 0, 0, 0, 0, 0, 0, 0, 0, 0, 0, 3.01725407781, 0, 0, 0, 0, 0, 0, 0, 0, 0, 0, 0, 0, 0, -1.44170571808, 0, 0, 0, 0, 0, 0, 0, 0, -11.398765, 0, 0, 0, 0, 0, 0, 0, 0, 0, 0, 0, 0, 0, 0, 0, 0, 0, 0, 0, None, ]
[2.4901076238, 4.06556034241, 0, 0.1, 0, 0.1, 0.1, 0, 4.46855462873, 0, 0, 0, 0, 0, 0, 0, 0, 0, 0, 0, 0, 2.87137251528, 0, 0, 0, 0, 0, 0, 0, 0, 0, 0, 0, 0, 0, -2.03729765863, 0, 0, 0, 0, 0, 0, 0, 0, -11.398765, 0, 0, 0, 0, 0, 0, 0, 0, 0, 0, 0, 0, 0, 0, 0, 0, 0, 0, 0, None, ]
Policy - [0, 2, 0, 0, 0, 0, 0, 6, 3, 6, 6, 0, 0, 0, 0, 0, 0, 0, 0, 0, 0, 4, 0, 0, 0, 0, 0, 0, 0, 0, 0, 0, 0, 0, 0, 1, 0, 0, 0, 0, 0, 0, 0, 0, 1, 0, 0, 0, 0, 0, 0, 0, 0, 0, 0, 0, 0, 0, 0, 0, 0, 0, 0, 0, 3, ]
[2.64761224005, 4.20581508549, 0, 0.1, 0, 0.1, 0.1, 0, 4.50880770366, 0, 0, 0, 0, 0, 0, 0, 0, 0, 0, 0, 0, 2.68052587086, 0, 0, 0, 0, 0, 0, 0, 0, 0, 0, 0, 0, 0, -2.57333040511, 0, 0, 0, 0, 0, 0, 0, 0, -11.398765, 0, 0, 0, 0, 0, 0, 0, 0, 0, 0, 0, 0, 0, 0, 0, 0, 0, 0, 0, None, ]
[2.80339046645, 4.33606925923, 0, 0.1, 0, 0.1, 0.1, 0, 4.52595271512, 0, 0, 0, 0, 0, 0, 0, 0, 0, 0, 0, 0, 2.45516597657, 0, 0, 0, 0, 0, 0, 0, 0, 0, 0, 0, 0, 0, -3.05575987695, 0, 0, 0, 0, 0, 0, 0, 0, -11.398765, 0, 0, 0, 0, 0, 0, 0, 0, 0, 0, 0, 0, 0, 0, 0, 0, 0, 0, 0, None, ]
[2.95661498503, 4.4550123453, 0, 0.1, 0, 0.1, 0.1, 0, 4.51884948961, 0, 0, 0, 0, 0, 0, 0, 0, 0, 0, 0, 0, 2.20410394882, 0, 0, 0, 0, 0, 0, 0, 0, 0, 0, 0, 0, 0, -3.48994640161, 0, 0, 0, 0, 0, 0, 0, 0, -11.398765, 0, 0, 0, 0, 0, 0, 0, 0, 0, 0, 0, 0, 0, 0, 0, 0, 0, 0, 0, None, ]
[3.10641017094, 4.56135087123, 0, 0.1, 0, 0.1, 0.1, 0, 4.48735289449, 0, 0, 0, 0, 0, 0, 0, 0, 0, 0, 0, 0, 1.93473381324, 0, 0, 0, 0, 0, 0, 0, 0, 0, 0, 0, 0, 0, -3.8807142738, 0, 0, 0, 0, 0, 0, 0, 0, -16.2582385, 0, 0, 0, 0, 0, 0, 0, 0, 0, 0, 0, 0, 0, 0, 0, 0, 0, 0, 0, None, ]
[3.25185862746, 4.65390620003, 0, 0.1, 0, 0.1, 0.1, 0, 4.43207163903, 0, 0, 0, 0, 0, 0, 0, 0, 0, 0, 0, 0, 1.65322781168, 0, 0, 0, 0, 0, 0, 0, 0, 0, 0, 0, 0, 0, -4.71830411403, 0, 0, 0, 0, 0, 0, 0, 0, -16.2582385, 0, 0, 0, 0, 0, 0, 0, 0, 0, 0, 0, 0, 0, 0, 0, 0, 0, 0, 0, None, ]
[3.39201684565, 4.73167842321, 0, 0.1, 0, 0.1, 0.1, 0, 4.35417072401, 0, 0, 0, 0, 0, 0, 0, 0, 0, 0, 0, 0, 1.31612180215, 0, 0, 0, 0, 0, 0, 0, 0, 0, 0, 0, 0, 0, -5.47213497024, 0, 0, 0, 0, 0, 0, 0, 0, -16.2582385, 0, 0, 0, 0, 0, 0, 0, 0, 0, 0, 0, 0, 0, 0, 0, 0, 0, 0, 0, None, ]
[3.52593568662, 4.79388411158, 0, 0.1, 0, 0.1, 0.1, 0, 4.25035267061, 0, 0, 0, 0, 0, 0, 0, 0, 0, 0, 0, 0, 0.937350846257, 0, 0, 0, 0, 0, 0, 0, 0, 0, 0, 0, 0, 0, -6.09935, 0, 0, 0, 0, 0, 0, 0, 0, -16.2582385, 0, 0, 0, 0, 0, 0, 0, 0, 0, 0, 0, 0, 0, 0, 0, 0, 0, 0, 0, None, ]
[3.65268259028, 4.83948846396, 0, 0.1, 0, 0.1, 0.1, 0, 4.11904311466, 0, 0, 0, 0, 0, 0, 0, 0, 0, 0, 0, 0, 0.533741755132, 0, 0, 0, 0, 0, 0, 0, 0, 0, 0, 0, 0, 0, -6.09935, 0, 0, 0, 0, 0, 0, 0, 0, -16.2582385, 0, 0, 0, 0, 0, 0, 0, 0, 0, 0, 0, 0, 0, 0, 0, 0, 0, 0, 0, None, ]
[3.77131478276, 4.8674027386, 0, 0.1, 0, 0.1, 0.1, 0, 3.96050764129, 0, 0, 0, 0, 0, 0, 0, 0, 0, 0, 0, 0, 0.170493573118, 0, 0, 0, 0, 0, 0, 0, 0, 0, 0, 0, 0, 0, -6.09935, 0, 0, 0, 0, 0, 0, 0, 0, -16.2582385, 0, 0, 0, 0, 0, 0, 0, 0, 0, 0, 0, 0, 0, 0, 0, 0, 0, 0, 0, None, ]
[3.88087490432, 4.87667362379, 0, 0.1, 0, 0.1, 0.1, 0, 3.78150452954, 0, 0, 0, 0, 0, 0, 0, 0, 0, 0, 0, 0, 0, 0, 0, 0, 0, 0, 0, 0, 0, 0, 0, 0, 0, 0, -6.09935, 0, 0, 0, 0, 0, 0, 0, 0, -16.2582385, 0, 0, 0, 0, 0, 0, 0, 0, 0, 0, 0, 0, 0, 0, 0, 0, 0, 0, 0, None, ]
Policy - [0, 2, 0, 0, 0, 0, 0, 6, 3, 6, 6, 0, 0, 0, 0, 0, 0, 0, 0, 0, 0, 2, 0, 0, 0, 0, 0, 0, 0, 0, 0, 0, 0, 0, 0, 3, 0, 0, 0, 0, 0, 0, 0, 0, 1, 0, 0, 0, 0, 0, 0, 0, 0, 0, 0, 0, 0, 0, 0, 0, 0, 0, 0, 0, 3, ]
[3.98040600953, 4.86711889932, 0, 0.1, 0, 0.1, 0.1, 0, 3.60335407659, 0, 0, 0, 0, 0, 0, 0, 0, 0, 0, 0, 0, 0, 0, 0, 0, 0, 0, 0, 0, 0, 0, 0, 0, 0, 0, -6.09935, 0, 0, 0, 0, 0, 0, 0, 0, -16.2582385, 0, 0, 0, 0, 0, 0, 0, 0, 0, 0, 0, 0, 0, 0, 0, 0, 0, 0, 0, None, ]
[4.06902862732, 4.84070638351, 0, 0.1, 0, 0.1, 0.1, 0, 3.44301866893, 0, 0, 0, 0, 0, 0, 0, 0, 0, 0, 0, 0, 0.3, 0, 0, 0, 0, 0, 0, 0, 0, 0, 0, 0, 0, 0, -6.09935, 0, 0, 0, 0, 0, 0, 0, 0, -16.2582385, 0, 0, 0, 0, 0, 0, 0, 0, 0, 0, 0, 0, 0, 0, 0, 0, 0, 0, 0, None, ]
[4.14614799587, 4.80090318186, 0, 0.1, 0, 0.1, 0.1, 0, 3.32871380204, 0, 0, 0, 0, 0, 0, 0, 0, 0, 0, 0, 0, 0.57, 0, 0, 0, 0, 0, 0, 0, 0, 0, 0, 0, 0, 0, -6.09935, 0, 0, 0, 0, 0, 0, 0, 0, -16.2582385, 0, 0, 0, 0, 0, 0, 0, 0, 0, 0, 0, 0, 0, 0, 0, 0, 0, 0, 0, None, ]
[4.21157550544, 4.75365095674, 0, 0.1, 0, 0.1, 0.1, 0, 3.25283672183, 0, 0, 0, 0, 0, 0, 0, 0, 0, 0, 0, 0, 0.813, 0, 0, 0, 0, 0, 0, 0, 0, 0, 0, 0, 0, 0, -6.09935, 0, 0, 0, 0, 0, 0, 0, 0, -16.2582385, 0, 0, 0, 0, 0, 0, 0, 0, 0, 0, 0, 0, 0, 0, 0, 0, 0, 0, 0, None, ]
[4.26573551406, 4.70353700488, 0, 0.1, 0, 0.1, 0.1, 0, 3.20884491965, 0, 0, 0, 0, 0, 0, 0, 0, 0, 0, 0, 0, 1.0317, 0, 0, 0, 0, 0, 0, 0, 0, 0, 0, 0, 0, 0, -6.09935, 0, 0, 0, 0, 0, 0, 0, 0, -16.2582385, 0, 0, 0, 0, 0, 0, 0, 0, 0, 0, 0, 0, 0, 0, 0, 0, 0, 0, 0, None, ]
[4.30946862777, 4.65403570791, 0, 0.1, 0, 0.1, 0.1, 0, 3.19112011068, 0, 0, 0, 0, 0, 0, 0, 0, 0, 0, 0, 0, 1.22853, 0, 0, 0, 0, 0, 0, 0, 0, 0, 0, 0, 0, 0, -6.09935, 0.4, 0, 0, 0, 0, 0, 0, 0, -16.2582385, 0, 0, 0, 0, 0, 0, 0, 0, 0, 0, 0, 0, 0, 0, 0, 0, 0, 0, 0, None, ]
[4.34387879543, 4.60771223699, 0, 0.1, 0, 0.1, 0.1, 0, 3.19484881432, 0, 0, 0, 0, 0, 0, 0, 0, 0, 0, 0, 0, 1.445673, 0, 0, 0, 0, 0, 0, 0, 0, 0, 0, 0, 0, 0, -6.09935, 0.76, 0, 0, 0, 0, 0, 0, 0, -16.2582385, 0, 0, 0, 0, 0, 0, 0, 0, 0, 0, 0, 0, 0, 0, 0, 0, 0, 0, 0, None, ]
[4.37021606246, 4.56639394623, 0, 0.1, 0, 0.1, 0.1, 0, 3.21991677615, 0, 0, 0, 0, 0, 0, 0, 0, 0, 0, 0, 0, 1.6770981, 0, 0, 0, 0, 0, 0, 0, 0, 0, 0, 0, 0, 0, -6.09935, 1.084, 0, 0, 0, 0, 0, 0, 0, -16.2582385, 0, 0, 0, 0, 0, 0, 0, 0, 0, 0, 0, 0, 0, 0, 0, 0, 0, 0, 0, None, ]
[4.3897881869, 4.53171403006, 0, 0.1, 0, 0.1, 0.1, 0, 3.26561813756, 0, 0, 0, 0, 0, 0, 0, 0, 0, 0, 0, 0, 1.91777745, 0, 0, 0, 0, 0, 0, 0, 0, 0, 0, 0, 0, 0, -6.09935, 1.3756, 0, 0, 0, 0, 0, 0, 0, -16.2582385, 0, 0, 0, 0, 0, 0, 0, 0, 0, 0, 0, 0, 0, 0, 0, 0, 0, 0, 0, None, ]
[4.40393545408, 4.50507178463, 0, 0.1, 0, 0.1, 0.1, 0, 3.33081489103, 0, 0, 0, 0, 0, 0, 0, 0, 0, 0, 0, 0, 2.163545949, 0, 0, 0, 0, 0, 0, 0, 0, 0, 0, 0, 0, 0, -6.09935, 1.63804, 0, 0, 0, 0, 0, 0, 0, -16.2582385, 0, 0, 0, 0, 0, 0, 0, 0, 0, 0, 0, 0, 0, 0, 0, 0, 0, 0, 0, None, ]
Policy - [0, 2, 0, 0, 0, 0, 0, 6, 3, 6, 6, 0, 0, 0, 0, 0, 0, 0, 0, 0, 0, 5, 0, 0, 0, 0, 0, 0, 0, 0, 0, 0, 0, 0, 0, 3, 3, 0, 0, 0, 0, 0, 0, 0, 1, 0, 0, 0, 0, 5, 0, 0, 0, 2, 0, 0, 0, 0, 0, 0, 0, 0, 0, 0, 6, ]
[4.41400403641, 4.50507178463, 0, 0.1, 0, 0.1, 0.1, 0, 3.33081489103, 0, 0, 0, 0, 0, 0, 0, 0, 0, 0, 0, 0, 2.163545949, 0, 0, 0, 0, 0, 0, 0, 0, 0, 0, 0, 0, 0, -6.09935, 1.63804, 0, 0, 0, 0, 0, 0, 0, -16.2582385, 0, 0, 0, 0, 0, 0, 0, 0, 0, 0, 0, 0, 0, 0, 0, 0, 0, 0, 0, None, ]
[0, 4.50507178463, 0, 0.1, 0.433048180954, 0.1, 0.1, 0, 3.41406636136, 0, 0, 0, 0, 0, 0, 0, 0, 0, 0, 0, 0, 2.4109789737, 0, 0, 0, 0, 0, 0, 0, 0, 0, 0, 0, 0, 0, -6.09935, 1.874236, 0, 0, 0, 0, 0, 0, 0, -16.2582385, 0, 0, 0, 0, 0, 0, 0, 0, 0, 0, 0, 0, 0, 0, 0, 0, 0, 0, 0, None, ]
[0.0433004876136, 4.50507178463, 0, 0.1, 0.831115858331, 0.1, 0.1, 0, 3.51373351281, 0, 0, 0, 0, 0, 0, 0, 0, 0, 0, 0, 0, 2.65728593397, 0, 0, 0, 0, 0, 0, 0, 0, 0, 0, 0, 0, 0, -6.09935, 2.0868124, 0, 0, 0, 0, 0, 0, 0, -16.2582385, 0, 0, 0, 0, 0.5, 0, 0, 0, 0, 0, 0, 0, 0, 0, 0, 0, 0, 0, 0, None, ]
[0.122073713527, 4.50507178463, 0, 0.1, 1.19934248644, 0.1, 0.1, 0, 3.62806218207, 0, 0, 0, 0, 0, 0, 0, 0, 0, 0, 0, 0, 2.90021771245, 0, 0, 0, 0, 0, 0, 0, 0, 0, 0, 0, 0, 0, -6.09935, 2.32812616, 0, 0, 0, 0, 0, 0, 0, -16.2582385, 0, 0, 0, 0, 0.95, 0, 0, 0.6, 0, 0, 0, 0, 0, 0, 0, 0, 0, 0, 0, None, ]
[0.229788597394, 4.50507178463, 0, 0.1, 1.54217817538, 0.1, 0.1, 0, 3.75524873293, 0, 0, 0, 0, 0, 0, 0, 0, 0, 0, 0, 0, 3.14298527594, 0, 0, 0, 0, 0, 0, 0, 0, 0, 0, 0, 0, 0, -6.09935, 2.590304044, 0, 0, 0, 0, 0, 0, 0, -16.2582385, 0, 0, 0, 0, 1.414994, 0, 0, 1.14, 0, 0, 0, 0, 0, 0, 0, 0, 0, 0, 0, None, ]
[0.361012133411, 4.50507178463, 0, 0.1, 1.86344767865, 0.1, 0.1, 0, 3.89399095738, 0, 0, 0, 0, 0, 0, 0, 0, 0, 0, 0, 0, 3.38769124971, 0, 0, 0, 0, 0, 0, 0, 0, 0, 0, 0, 0, 0, -6.09935, 2.87275888966, 0, 0, 0, 0, 0, 0, 0, -16.2582385, 0, 0, 0, 0, 1.8874832, 0, 0, 1.626, 0, 0, 0, 0, 0, 0, 0, 0, 0, 0, 0, None, ]
[0.511237053458, 4.50507178463, 0, 0.1, 2.16646306661, 0.1, 0.1, 0, 4.0433271097, 0, 0, 0, 0, 0, 0, 0, 0, 0, 0, 0, 0, 3.63616928611, 0, 0, 0, 0, 0, 0, 0, 0, 0, 0, 0, 0, 0, -6.09935, 3.17421244586, 0, 0, 0, 0, 0, 0, 0, -16.2582385, 0, 0, 0, 0, 2.36131862, 0, 0, 2.0634, 0, 0, 0, 0, 0, 0, 0, 0, 0, 0, 0, None, ]
[0.676737990143, 4.50507178463, 0, 0.1, 2.45410903765, 0.1, 0.1, 0, 4.20257496565, 0, 0, 0, 0, 0, 0, 0, 0, 0, 0, 0, 0, 3.88994185996, 0, 0, 0, 0, 0, 0, 0, 0, 0, 0, 0, 0, 0, -6.09935, 3.49289945009, 0, 0, 0, 0, 0, 0, 0, -16.2582385, 0, 0, 0, 0, 2.831506124, 0, 0, 2.45706, 0, 0, 0, 0, 0, 0, 0, 0, 0, 0, 0, None, ]
[0.854450553804, 4.50507178463, 0, 0.1, 2.7289136047, 0.1, 0.1, 0, 4.37127275566, 0, 0, 0, 0, 0, 0, 0, 0, 0, 0, 0, 0, 4.15020268998, 0, 0, 0, 0, 0, 0, 0, 0, 0, 0, 0, 0, 0, -6.09935, 3.82673180242, 0, 0, 0, 0, 0, 0, 0, -16.2582385, 0, 0, 0, 0, 3.294036941, 0, 0, 2.811354, 0, 0, 0, 0, 0, 0, 0, 0, 0, 0, 0, None, ]
[1.04186956976, 4.50507178463, 0, 0.1, 2.99310580707, 0.1, 0.1, 0, 4.54912424706, 0, 0, 0, 0, 0, 0, 0, 0, 0, 0, 0, 0, 4.41781733391, 0, 0, 0, 0, 0, 0, 0, 0, 0, 0, 0, 0, 0, -6.09935, 4.17342937591, 0, 0, 0, 0, 0, 0, 0, -16.2582385, 0, 0, 0, 0, 3.74574053336, 0, 0, 3.1302186, 0, 0, 0, 0, 0, 0, 0, 0, 0, 0, 0, None, ]
Policy - [3, 2, 0, 0, 0, 0, 0, 6, 3, 6, 6, 0, 0, 0, 0, 0, 0, 0, 0, 0, 0, 5, 0, 0, 0, 0, 0, 0, 0, 0, 0, 0, 0, 0, 0, 3, 3, 0, 0, 0, 0, 0, 0, 0, 1, 0, 0, 0, 0, 1, 0, 0, 5, 2, 3, 3, 0, 0, 0, 0, 0, 0, 0, 0, 2, ]
[1.23696326243, 4.50507178463, 0, 0.1, 3.24866215983, 0.1, 0.1, 0, 4.73594937758, 0, 0, 0, 0, 0, 0, 0, 0, 0, 0, 0, 0, 4.69333680381, 0, 0, 0, 0, 0, 0, 0, 0, 0, 0, 0, 0, 0, -6.09935, 4.53062303425, 0, 0, 0, 0, 0, 0, 0, -16.2582385, 0, 0, 0, 0, 4.18415703784, 0, 0, 3.41719674, 0, 0, 0.7, 0, 0, 0, 0, 0, 0, 0, 0, None, ]
[1.43810066555, 4.50507178463, 0, 0.1, 3.49734352211, 0.1, 0.1, 0, 4.93164118683, 0, 0, 0, 0, 0, 0, 0, 0, 0, 0, 0, 0, 4.97702012063, 0, 0, 0, 0, 0, 0, 0, 0, 0, 0, 0, 0, 0, -6.09935, 4.89593459304, 0, 0, 0, 0, 0, 0, 0, -16.2582385, 0, 0, 0, 0, 4.60742683609, 0, 0, 3.745470066, 0, 0, 1.33, 0, 0, 0, 0, 0, 0, 0, 0, None, ]
[1.64398997777, 4.50507178463, 0, 0.1, 3.74072397217, 0.1, 0.1, 0, 5.13612931001, 0, 0, 0, 0, 0, 0, 0, 0, 0, 0, 0, 0, 5.26886260852, 0, 0, 0, 0, 0, 0, 0, 0, 0, 0, 0, 0, 0, -6.09935, 5.26703774307, 0, 0, 0, 0, 0, 0, 0, -16.2582385, 0, 0, 0, 0, 5.02119370438, 0, 0, 4.1039097594, 0, 0, 1.897, 0.8, 0, 0, 0, 0, 0, 0, 0, None, ]
[1.85362596997, 4.50507178463, 0, 0.1, 3.98021314466, 0.1, 0.1, 0, 5.34934995123, 0, 0, 0, 0, 0, 0, 0, 0, 0, 0, 0, 0, 5.5686274516, 0, 0, 0, 0, 0, 0, 0, 0, 0, 0, 0, 0, 0, -6.09935, 5.64240312727, 0, 0, 0, 0, 0, 0, 0, -16.2582385, 0, 0, 0, 0, 5.42942427078, 0, 0, 4.48319981346, 0, 0, 2.487292, 1.52, 0, 0, 0, 0, 0, 0, 0, None, ]
[2.06624488531, 4.50507178463, 0, 0.1, 4.21707333182, 0.1, 0.1, 0, 5.571222015, 0, 0, 0, 0, 0, 0, 0, 0, 0, 0, 0, 0, 5.87594859514, 0, 0, 0, 0, 0, 0, 0, 0, 0, 0, 0, 0, 0, -6.09935, 6.02105094738, 0, 0, 0, 0, 0, 0, 0, -16.2582385, 0, 0, 0, 0, 5.83475699305, 0, 0, 4.88358415919, 0, 0, 3.0905476, 2.168, 0.9, 0, 0, 0, 0, 0, 0, None, ]
[2.28128555922, 4.50507178463, 0, 0.1, 4.45243248791, 0.1, 0.1, 0, 5.80163591352, 0, 0, 0, 0, 0, 0, 0, 0, 0, 0, 0, 0, 6.19039861985, 0, 0, 0, 0, 0, 0, 0, 0, 0, 0, 0, 0, 0, -6.09935, 6.40236320437, 0, 0, 0, 0, 0, 0, 0, -16.2582385, 0, 0, 0, 0, 6.23959087382, 0, 0, 5.3042495978, 0, 0, 3.69827116, 2.841191, 1.71, 0, 0, 1.0, 0, 0, 0, None, ]
[2.49835572777, 4.50507178463, 0, 0.1, 4.68729481412, 0.1, 0.1, 0, 6.04045028017, 0, 0, 0, 0, 0, 0, 0, 0, 0, 0, 0, 0, 6.51153105467, 0, 0, 0, 0, 0, 0, 0, 0, 0, 0, 0, 0, 0, -6.09935, 6.78602357541, 0, 0, 0, 0, 0, 0, 0, -16.2582385, 0, 0, 0, 0, 6.64600370373, 0, 0, 5.74361477131, 0, 0, 4.31253473209, 3.5280548, 2.53899, 0, 0, 1.9, 0, 0, 0, None, ]
[2.71720276346, 4.50507178463, 0, 0.1, 4.92254995622, 0.1, 0.1, 0, 6.28749324231, 0, 0, 0, 0, 0, 0, 0, 0, 0, 0, 0, 0, 6.83891244651, 0, 0, 0, 0, 0, 0, 0, 0, 0, 0, 0, 0, 0, -6.09935, 7.1719551282, 0, 0, 0, 0, 0, 0, 0, -16.2582385, 0, 0, 0, 0, 7.05570737434, 0, 0, 6.20046364204, 0, 0, 4.93405145833, 4.2291229301, 3.375072, 0, 0, 2.71, 0, 0, 0, None, ]
[2.93768825723, 4.50507178463, 0, 0.1, 5.1589814099, 0.1, 0.1, 0, 6.54256677361, 0, 0, 0, 0, 0, 0, 0, 0, 0, 0, 0, 0, 7.17214499513, 0, 0, 0, 0, 0, 0, 0, 0, 0, 0, 0, 0, 0, -6.09935, 7.56025979574, 0, 0, 0, 0, 0, 0, 0, -16.2582385, 0, 0, 0, 0, 7.47012099647, 0, 0, 6.67377308315, 0, 0, 5.56351631428, 4.94368408637, 4.2085377, 0, 0, 3.439, 0, 0, 0, None, ]
[3.15976598268, 4.50507178463, 0, 0.1, 5.3972745206, 0.1, 0.1, 0, 6.80545287431, 0, 0, 0, 0, 0, 0, 0, 0, 0, 0, 0, 0, 7.51088087259, 0, 0, 0, 0, 0, 0, 0, 0, 0, 0, 0, 0, 0, -6.09935, 7.95117121461, 0, 0, 0, 0, 0, 0, 0, -16.2582385, 0, 0, 0, 0, 7.89041946741, 0, 0, 7.1626917711, 0, 0, 6.20148365465, 5.67012736236, 5.03154954, 0, 0, 4.0951, 0, 0, 0, None, ]
Policy - [3, 2, 0, 0, 0, 0, 0, 6, 3, 6, 6, 0, 0, 0, 0, 0, 0, 0, 0, 0, 0, 5, 0, 0, 0, 0, 0, 0, 0, 0, 0, 0, 0, 0, 0, 3, 3, 0, 0, 0, 0, 0, 0, 0, 1, 0, 0, 0, 0, 1, 0, 0, 5, 2, 3, 3, 4, 5, 0, 0, 6, 0, 4, 0, 2, ]
[3.38346286373, 4.50507178463, 0, 0.1, 5.63802430144, 0.1, 0.1, 0, 7.07592056533, 0, 0, 0, 0, 0, 0, 0, 0, 0, 0, 0, 0, 7.85483039508, 0, 0, 0, 0, 0, 0, 0, 0, 0, 0, 0, 0, 0, -6.09935, 8.34501713569, 0, 0, 0, 0, 0, 0, 0, -16.2582385, 0, 0, 0, 0, 8.31757507086, 0, 0, 7.66650894462, 0, 0, 6.84829132415, 6.40621926463, 5.837863635, 0, 0, 4.68559, 0, 0, 0, None, ]
[3.60886262726, 4.50507178463, 0, 0.1, 5.88174316862, 0.1, 0.1, 0, 7.353733, 0, 0, 0, 0, 0, 0, 0, 0, 0, 0, 0, 0, 8.20376561897, 0, 0, 0, 0, 0, 0, 0, 0, 0, 0, 0, 0, 0, -6.09935, 8.74218975346, 0, 0, 0, 0, 0, 0, 0, -16.2582385, 0, 0, 0, 0, 8.75239179315, 0, 0, 8.18461869966, 0, 0, 7.504020056, 7.14932532303, 6.6225894156, 0, 0, 5.217031, 0, -5.39935, 0, None, ]
[3.83609186396, 4.50507178463, 0, 0.1, 6.12886861443, 0.1, 0.1, 0, 7.63865422424, 0, 0, 0, 0, 0, 0, 0, 0, 0, 0, 0, 0, 8.55752061052, 0, 0, 0, 0, 0, 0, 0, 0, 0, 0, 0, 0, 0, -6.09935, 9.14312243351, 0, 0, 0, 0, 0, 0, 0, -16.2582385, 0, 0, 0, 0, 9.19553263761, 0, 0, 8.71648379509, 0, 0, 8.16847908945, 7.89658550639, 7.38198140373, 0, 0, 5.1554468935, 0, -5.39935, 0, None, ]
[4.06530825032, 4.50507178463, 0, 0.1, 6.37977078887, 0.1, 0.1, 0, 7.93045528766, 0, 0, 0, 0, 0, 0, 0, 0, 0, 0, 0, 0, 8.9159893616, 0, 0, 0, 0, 0, 0, 0, 0, 0, 0, 0, 0, 0, -6.09935, 9.54827149859, 0, 0, 0, 0, 0, 0, 0, -16.2582385, 0, 0, 0, 0, 9.64754058852, 0, 0, 9.26160163974, 0, 0, 8.84121076529, 8.64505127631, 8.05927639824, 0, 0, 5.10002119765, 0, -5.39935, 0, None, ]
[4.29669070647, 4.50507178463, 0, 0.1, 6.6347599342, 0.1, 0.1, 0, 8.22891953516, 0, 0, 0, 0, 0, 0, 0, 0, 0, 0, 0, 0, 9.27912209258, 0, 0, 0, 0, 0, 0, 0, 0, 0, 0, 0, 0, 0, -6.09935, 9.95810193218, 0, 0, 0, 0, 0, 0, 0, -16.2582385, 0, 0, 0, 0, 10.1088540776, 0, 0, 9.81947414019, 0, 0, 9.52150836588, 9.38639319574, 8.66329987797, 0, 0, 5.05013807139, 0, -5.39935, 0, None, ]
[4.53043128164, 4.50507178463, 0, 0.1, 6.8940936051, 0.1, 0.1, 0, 8.53384699968, 0, 0, 0, 0, 0, 0, 0, 0, 0, 0, 0, 0, 9.64692049552, 0, 0, 0, 0, 0, 0, 0, 0, 0, 0, 0, 0, 0, -6.09935, 10.3730760582, 0, 0, 0, 0, 0, 0, 0, -16.2582385, 0, 0, 0, 0, 10.5798178891, 0, 0, 10.3895823477, 0, 0, 10.2079029849, 10.113997231, 9.20193319593, 0, 0, 5.00524325775, 0, -5.39935, 0, None, ]
[4.76672857305, 4.50507178463, 0, 0.1, 7.15798360609, 0.1, 0.1, 0, 8.84505788006, 0, 0, 0, 0, 0, 0, 0, 0, 0, 0, 0, 0, 10.019432321, 0, 0, 0, 0, 0, 0, 0, 0, 0, 0, 0, 0, 0, -6.09935, 10.7936444431, 0, 0, 0, 0, 0, 0, 0, -16.2582385, 0, 0, 0, 0, 11.0606904392, 0, 0, 10.9713123324, 0, 0, 10.8984112696, 10.8226988081, 9.68221414968, 0, 0, 4.96483792547, 0, -5.39935, 0, None, ]
[5.00578249652, 4.50507178463, 0, 0.1, 7.4266025829, 0.1, 0.1, 0, 9.16239512983, 0, 0, 0, 0, 0, 0, 0, 0, 0, 0, 0, 0, 10.3967455968, 0, 0, 0, 0, 0, 0, 0, 0, 0, 0, 0, 0, 0, -6.09935, 11.2202384358, 0, 0, 0, 0, 0, 0, 0, -16.2582385, 0, 0, 0, 0, 11.5516429154, 0, 0, 11.563913242, 0, 0, 11.5907317964, 11.5085535201, 10.1104268789, 0, 0, 4.92847312642, 0, -5.39935, 0, None, ]
[5.24779023913, 4.50507178463, 0, 0.1, 7.70009021365, 0.1, 0.1, 0, 9.48572620907, 0, 0, 0, 0, 0, 0, 0, 0, 0, 0, 0, 0, 10.7789826783, 0, 0, 0, 0, 0, 0, 0, 0, 0, 0, 0, 0, 0, -6.09935, 11.6532633673, 0, 0, 0, 0, 0, 0, 0, -16.2582385, 0, 0, 0, 0, 12.0527543089, 0, 0, 12.1664791901, 0, 0, 12.2823988833, 12.1686397517, 10.4921822189, 0, 0, 4.89574480728, 0, -10.258765, 0, None, ]
[5.49294323568, 4.50507178463, 0, 0.1, 7.97855895593, 0.1, 0.1, 0, 9.81494406617, 0, 0, 0, 0, 0, 0, 0, 0, 0, 0, 0, 0, 11.1662942146, 0, 0, 0, 0, 0, 0, 0, 0, 0, 0, 0, 0, 0, -6.09935, 12.0930919339, 0, 0, 0, 0, 0, 0, 0, -16.2582385, 0, 0, 0, 0, 12.5640051322, 0, 0, 12.7779483354, 0, 0, 12.9709012837, 12.8008890766, 10.8324895203, 0, 0, 4.3803964142, 0, -10.258765, 0, None, ]
Policy - [3, 2, 0, 0, 0, 0, 0, 6, 3, 6, 6, 0, 0, 0, 0, 0, 0, 0, 0, 0, 0, 5, 0, 0, 0, 0, 0, 0, 0, 0, 0, 0, 0, 0, 0, 3, 3, 0, 0, 0, 0, 0, 0, 0, 1, 0, 0, 0, 0, 1, 0, 0, 5, 2, 3, 3, 4, 5, 0, 0, 6, 0, 1, 0, 6, ]
[5.74142502212, 4.50507178463, 0, 0.1, 8.26209931751, 0.1, 0.1, 0, 10.1499674181, 0, 0, 0, 0, 0, 0, 0, 0, 0, 0, 0, 0, 11.5588530556, 0, 0, 0, 0, 0, 0, 0, 0, 0, 0, 0, 0, 0, -6.09935, 12.5400576137, 0, 0, 0, 0, 0, 0, 0, -16.2582385, 0, 0, 0, 0, 13.0852716731, 0, 0, 13.3971139212, 0, 0, 13.6537720541, 13.4039407961, 11.0872364057, 0, 0, 3.91658286043, 0, -10.258765, 0, None, ]
[5.99340983066, 4.50507178463, 0, 0.1, 8.55078462789, 0.1, 0.1, 0, 10.4907403933, 0, 0, 0, 0, 0, 0, 0, 0, 0, 0, 0, 0, 11.9568481108, 0, 0, 0, 0, 0, 0, 0, 0, 0, 0, 0, 0, 0, -6.09935, 12.9944481669, 0, 0, 0, 0, 0, 0, 0, -16.2582385, 0, 0, 0, 0, 13.6163219267, 0, 0, 14.0226431968, 0, 0, 14.3286548889, 13.9721594847, 11.2701318854, 0, 0, 3.49915066204, 0, -10.258765, 0, None, ]
[6.24906180254, 4.50507178463, 0, 0.1, 8.84467529703, 0.1, 0.1, 0, 10.8372315966, 0, 0, 0, 0, 0, 0, 0, 0, 0, 0, 0, 0, 12.360478172, 0, 0, 0, 0, 0, 0, 0, 0, 0, 0, 0, 0, 0, -6.09935, 13.4564993797, 0, 0, 0, 0, 0, 0, 0, -16.2582385, 0, 0, 0, 0, 14.1568138273, 0, 0, 14.6531010795, 0, 0, 14.9928656269, 14.5018440235, 11.3929987715, 0, 0, 3.12346168349, 0, -10.258765, 0, None, ]
[6.50853470524, 4.50507178463, 0, 0.1, 9.14382255467, 0.1, 0.1, 0, 11.1894326493, 0, 0, 0, 0, 0, 0, 0, 0, 0, 0, 0, 0, 12.7699457277, 0, 0, 0, 0, 0, 0, 0, 0, 0, 0, 0, 0, 0, -6.09935, 13.9263892563, 0, 0, 0, 0, 0, 0, 0, -16.2582385, 0, 0, 0, 0, 14.7062960215, 0, 0, 15.2869276056, 0, 0, 15.6436184481, 14.9908455683, 11.4660138281, 0, 0, 2.78534160279, 0, -10.258765, 0, None, ]
[6.77197205195, 4.50507178463, 0, 0.1, 9.4482716698, 0.1, 0.1, 0, 11.5473562577, 0, 0, 0, 0, 0, 0, 0, 0, 0, 0, 0, 0, 13.1854508167, 0, 0, 0, 0, 0, 0, 0, 0, 0, 0, 0, 0, 0, -6.09935, 14.4042328699, 0, 0, 0, 0, 0, 0, 0, -16.2582385, 0, 0, 0, 0, 15.2642063106, 0, 0, 15.9224402536, 0, 0, 16.2781912517, 15.4382477341, 11.4979187522, 0, 0, 2.48103353016, 0, -10.258765, 0, None, ]
[7.03950753102, 4.50507178463, 0, 0.1, 9.75806465503, 0.1, 0.1, 0, 11.9110338591, 0, 0, 0, 0, 0, 0, 0, 0, 0, 0, 0, 0, 13.6071849797, 0, 0, 0, 0, 0, 0, 0, 0, 0, 0, 0, 0, 0, -6.09935, 14.8900775719, 0, 0, 0, 0, 0, 0, 0, -16.2582385, 0, 0, 0, 0, 15.8298704805, 0, 0, 16.5578525715, 0, 0, 16.8940425174, 15.8440998567, 11.4962054196, 0, 0, 2.20715626479, 0, -14.6322385, 0, None, ]
[7.31126566278, 4.50507178463, 0, 0.1, 10.0732424651, 0.1, 0.1, 0, 12.2805128993, 0, 0, 0, 0, 0, 0, 0, 0, 0, 0, 0, 0, 14.0353253381, 0, 0, 0, 0, 0, 0, 0, 0, 0, 0, 0, 0, 0, -6.09935, 15.3838985641, 0, 0, 0, 0, 0, 0, 0, -16.2582385, 0, 0, 0, 0, 16.4025031111, 0, 0, 17.1913026257, 0, 0, 17.4888898104, 16.209195451, 11.4672784326, 0, 0, 1.5233631107, 0, -14.6322385, 0, None, ]
[7.58736261058, 4.50507178463, 0, 0.1, 10.3938467034, 0.1, 0.1, 0, 12.6558537899, 0, 0, 0, 0, 0, 0, 0, 0, 0, 0, 0, 0, 14.4700288217, 0, 0, 0, 0, 0, 0, 0, 0, 0, 0, 0, 0, 0, -6.09935, 15.8855949937, 0, 0, 0, 0, 0, 0, 0, -16.2582385, 0, 0, 0, 0, 16.9812111495, 0, 0, 17.8208864553, 0, 0, 18.0607582825, 16.5348890763, 11.3728716668, 0, 0, 0.907949272014, 0, -14.6322385, 0, None, ]
[7.8679070814, 4.50507178463, 0, 0.1, 10.7199208535, 0.1, 0.1, 0, 13.0371265928, 0, 0, 0, 0, 0, 0, 0, 0, 0, 0, 0, 0, 14.911426583, 0, 0, 0, 0, 0, 0, 0, 0, 0, 0, 0, 0, 0, -6.09935, 16.3949867972, 0, 0, 0, 0, 0, 0, 0, -16.2582385, 0, 0, 0, 0, 17.5650004713, 0, 0, 18.4446930304, 0, 0, 18.608006013, 16.8185736067, 11.2263703478, 0, 0, 0.354076817197, 0, -14.6322385, 0, None, ]
[8.1530012594, 4.50507178463, 0, 0.1, 11.0515110562, 0.1, 0.1, 0, 13.4244074776, 0, 0, 0, 0, 0, 0, 0, 0, 0, 0, 0, 0, 15.3596186545, 0, 0, 0, 0, 0, 0, 0, 0, 0, 0, 0, 0, 0, -6.09935, 16.9118125146, 0, 0, 0, 0, 0, 0, 0, -16.2582385, 0, 0, 0, 0, 18.1527852802, 0, 0, 19.0608382486, 0, 0, 19.1288945866, 17.0592410171, 11.039137454, 0, 0, 0, 0, -14.6322385, 0, None, ]
Policy - [3, 2, 0, 0, 0, 0, 0, 6, 3, 6, 6, 0, 0, 0, 0, 0, 0, 0, 0, 0, 0, 5, 0, 0, 0, 0, 0, 0, 0, 0, 0, 0, 0, 0, 0, 3, 3, 0, 0, 0, 0, 0, 0, 0, 1, 0, 0, 0, 0, 1, 0, 0, 5, 2, 3, 3, 4, 5, 0, 0, 5, 0, 2, 0, 6, ]
[8.44274172397, 4.50507178463, 0, 0.1, 11.3886664542, 0.1, 0.1, 0, 13.8177749991, 0, 0, 0, 0, 0, 0, 0, 0, 0, 0, 0, 0, 15.8146689224, 0, 0, 0, 0, 0, 0, 0, 0, 0, 0, 0, 0, 0, -6.09935, 17.4357282633, 0, 0, 0, 0, 0, 0, 0, -16.2582385, 0, 0, 0, 0, 18.7433999687, 0, 0, 19.6674525934, 0, 0, 19.6217586372, 17.2571202694, 10.8352237086, 0, 0, 1.0, 0, -14.6322385, 0, None, ]
[8.73722031033, 4.50507178463, 0, 0.1, 11.731439131, 0.1, 0.1, 0, 14.2173062447, 0, 0, 0, 0, 0, 0, 0, 0, 0, 0, 0, 0, 16.2766004992, 0, 0, 0, 0, 0, 0, 0, 0, 0, 0, 0, 0, 0, -6.09935, 17.9663079998, 0, 0, 0, 0, 0, 0, 0, -16.2582385, 0, 0, 0, 0, 19.3356085566, 0, 0, 20.2626869802, 0, 0, 20.0851222293, 17.4148222611, 10.7516913377, 0, 0, 1.9, 0, -14.6322385, 0, None, ]
[9.036524878, 4.50507178463, 0, 0.1, 12.0798836693, 0.1, 0.1, 0, 14.6230729042, 0, 0, 0, 0, 0, 0, 0, 0, 0, 0, 0, 0, 16.7453915862, 0, 0, 0, 0, 0, 0, 0, 0, 0, 0, 0, 0, 0, -6.09935, 18.5030446994, 0, 0, 0, 0, 0, 0, 0, -16.2582385, 0, 0, 0, 0, 19.9281137721, 0, 0, 20.8447296539, 0, 0, 20.5179180842, 17.5484016518, 10.7665032039, 0, 0, 2.71, 0, -14.6322385, 0, None, ]
[9.3407399583, 4.50507178463, 0, 0.1, 12.434056362, 0.1, 0.1, 0, 15.0351373185, 0, 0, 0, 0, 0, 0, 0, 0, 0, 0, 0, 0, 17.2209718671, 0, 0, 0, 0, 0, 0, 0, 0, 0, 0, 0, 0, 0, -6.09935, 19.0453523256, 0, 0, 0, 0, 0, 0, 0, -16.2582385, 0, 0, 0, 0, 20.519566913, 0, 0, 21.4118433178, 0, 0, 20.920790957, 17.670104142, 10.8608257835, 0, 0, 3.439, 0, -14.6322385, 0, None, ]
[9.64994725811, 4.50507178463, 0, 0.1, 12.7940141063, 0.1, 0.1, 0, 15.4535485636, 0, 0, 0, 0, 0, 0, 0, 0, 0, 0, 0, 0, 17.7032194594, 0, 0, 0, 0, 0, 0, 0, 0, 0, 0, 0, 0, 0, -6.09935, 19.5925685886, 0, 0, 0, 0, 0, 0, 0, -16.2582385, 0, 0, 0, 0, 21.1085804351, 0, 0, 21.9625288738, 0, 0, 21.2955455744, 17.7890676979, 11.0186088152, 0, 0, 4.0951, 0, -14.6322385, 0, None, ]
[9.96422600279, 4.50507178463, 0, 0.1, 13.1598130166, 0.1, 0.1, 0, 15.878338621, 0, 0, 0, 0, 0, 0, 0, 0, 0, 0, 0, 0, 18.1919584467, 0, 0, 0, 0, 0, 0, 0, 0, 0, 0, 0, 0, 0, -6.09935, 20.1439586875, 0, 0, 0, 0, 0, 0, 0, -16.2582385, 0, 0, 0, 0, 21.6937556536, 0, 0, 22.4956175884, 0, 0, 21.6447198961, 17.9119116235, 11.2262169827, 0, 0, 4.68559, 0, -14.6322385, 0, None, ]
[10.283653106, 4.50507178463, 0, 0.1, 13.5315067936, 0.1, 0.1, 0, 16.309518684, 0, 0, 0, 0, 0, 0, 0, 0, 0, 0, 0, 0, 18.6869570311, 0, 0, 0, 0, 0, 0, 0, 0, 0, 0, 0, 0, 0, -6.09935, 20.6987214465, 0, 0, 0, 0, 0, 0, 0, -16.2582385, 0, 0, 0, 0, 22.2737168909, 0, 0, 23.010311372, 0, 0, 21.9712599497, 18.0432298973, 11.4721074285, 0, 0, 5.217031, 7.0994, -14.6322385, 0, None, ]
[10.6083031597, 4.50507178463, 0, 0.1, 13.9091448875, 0.1, 0.1, 0, 16.7470756491, 0, 0, 0, 0, 0, 0, 0, 0, 0, 0, 0, 0, 19.1879264855, 0, 0, 0, 0, 0, 0, 0, 0, 0, 0, 0, 0, 0, -6.09935, 21.2559982538, 0, 0, 0, 0, 0, 0, 0, -16.2582385, 0, 0, 0, 0, 22.8471462359, 0, 0, 23.5061865171, 0, 0, 22.2782765122, 18.1860029293, 11.7465476153, 0, 0, 6.405196906, 13.48886, -14.6322385, 0, None, ]
[10.938248241, 4.50507178463, 0, 0.1, 14.2927704929, 0.1, 0.1, 0, 17.1909688535, 0, 0, 0, 0, 0, 0, 0, 0, 0, 0, 0, 0, 19.6945211023, 0, 0, 0, 0, 0, 0, 0, 0, 0, 0, 0, 0, 0, -6.09935, 21.8148845806, 0, 0, 0, 0, 0, 0, 0, -16.2582385, 0, 0, 0, 0, 23.4128152022, 0, 0, 23.9831727339, 0, 0, 22.5688672939, 18.3419399325, 12.1123484924, 0, 0, 8.1134283268, 19.239374, -14.6322385, 0, None, ]
[11.2735575385, 4.50507178463, 0, 0.1, 14.6824184192, 0.1, 0.1, 0, 17.6411271332, 0, 0, 0, 0, 0, 0, 0, 0, 0, 0, 0, 0, 20.2063393013, 0, 0, 0, 0, 0, 0, 0, 0, 0, 0, 0, 0, 0, -6.09935, 22.3744435146, 0, 0, 0, 0, 0, 0, 0, -16.2582385, 0, 0, 0, 0, 23.9696111236, 0, 0, 24.4415165012, 0, 0, 22.8459911383, 18.518859665, 12.6123753416, 0, 0, 10.2258305004, 24.4148366, -14.6322385, 0, None, ]
Policy - [3, 2, 0, 0, 0, 0, 0, 6, 3, 6, 6, 0, 0, 0, 0, 0, 0, 0, 0, 0, 0, 5, 0, 0, 0, 0, 0, 0, 0, 0, 0, 0, 0, 0, 0, 3, 3, 0, 0, 0, 0, 0, 0, 0, 1, 0, 0, 0, 0, 1, 0, 0, 5, 2, 3, 3, 4, 5, 0, 0, 5, 6, 2, 0, 2, ]
