[0, 0, 0, 0, 0, 0, 0, 0, 0, 0, 0, 0, 0, 0, 0, 0, 0, 0, 0, 0, 0, 0, 0, 0, 0, 0, 0, 0, 0, 0, 0, 0, 0, 0, 0, 0, 0, 0, 0, 0, 0, 0, 0, 0, 0, 0, 0, 0, 0, 0, 0, 0, 0, 0, 0, 0, 0, 0, 0, 0, 0, 0, 0, 0, 0, ]
[0.0, 0, 0, 0, 0, 0, 0, 0, 0, 0, 0, 0, 0, 0, 0, 0, 0, 0, 0, 0, 0, 0, 0, 0, 0, 0, 0, 0, 0, 0, 0, 0, 0, 0, 0, 0, 0, 0, 0, 0, 0, 0, 0, 0, 0, 0, 0, 0, 0, 0, 0, 0, 0, 0, 0, 0, 0, 0, 0, 0, 0, 0, 0, 0, None, ]
[0.0, 0, 0, 0, 0, 0, 0.1, 0, 0, 0, 0, 0, 0, 0, 0, 0, 0, 0, 0, 0, 0, 0, 0, 0, 0, 0, 0, 0, 0, 0, 0, 0, 0, 0, 0, 0, 0, 0, 0, 0, 0, 0, 0, 0, 0, 0, 0, 0, 0, 0, 0, 0, 0, 0, 0, 0, 0, 0, 0, 0, 0, 0, 0, 0, None, ]
[0.009999, 0, 0, 0, 0, 0, 0.19, 0, 0, 0, 0.2, 0, 0, 0, 0, 0, 0, 0, 0, 0, 0, 0, 0, 0, 0, 0, 0, 0, 0, 0, 0, 0, 0, 0, 0, 0, 0, 0, 0, 0, 0, 0, 0, 0, 0, 0, 0, 0, 0, 0, 0, 0, 0, 0, 0, 0, 0, 0, 0, 0, 0, 0, 0, 0, None, ]
[0.0279972, 0, 0, 0, 0, 0, 0.290998, 0, 0, 0, 0.38, 0, 0, 0, 0, 0, 0, 0, 0, 0, 0.3, 0, 0, 0, 0, 0, 0, 0, 0, 0, 0, 0, 0, 0, 0, 0, 0, 0, 0, 0, 0, 0, 0, 0, 0, 0, 0, 0, 0, 0, 0, 0, 0, 0, 0, 0, 0, 0, 0, 0, 0, 0, 0, 0, None, ]
[0.05429437002, 0, 0, 0, 0, 0, 0.3998944, 0, 0, 0, 0.571997, 0, 0, 0, 0, 0, 0, 0, 0, 0, 0.57, 0, 0, 0, 0, 0, 0, 0, 0, 0, 0, 0, 0, 0, 0, 0, 0, 0, 0, 0, 0, 0, 0, 0, 0, 0, 0, 0, 0, 0, 0, 0, 0, 0, 0, 0, 0, 0, 0, 0, 0, 0, 0, 0, None, ]
[0.088850374074, 0, 0, 0, 0, 0, 0.51709894003, 0, 0, 0, 0.7717916, 0, 0, 0, 0, 0, 0, 0, 0, 0, 0.813, 0, 0, 0, 0, 0, 0, 0, 0, 0, 0, 0, 0, 0, 0, 0, 0, 0, 0, 0, 0, 0, 0, 0, 0, 0, 0, 0, 0, 0, 0, 0, 0, 0, 0, 0, 0, 0, 0, 0, 0, 0, 0, 0, None, ]
[0.13167005968, 0, 0, 0, 0, 0, 0.642560488111, 0, 0, 0, 0.97590431, 0, 0, 0, 0, 0, 0, 0, 0, 0, 1.0317, 0, 0, 0, 0, 0, 0, 0, 0, 0, 0, 0, 0, 0, 0, 0, 0, 0, 0, 0, 0, 0, 0, 0, 0, 0, 0, 0, 0, 0, 0, 0, 0, 0, 0, 0, 0, 0, 0, 0, 0, 0, 0, 0, None, ]
[0.182752676918, 0, 0, 0, 0, 0, 0.775885111257, 0, 0, 0, 1.181473562, 0, 0, 0, 0, 0, 0, 0, 0, 0, 1.22853, 0, 0, 0, 0, 0, 0, 0, 0, 0, 0, 0.4, 0, 0, 0, 0, 0, 0, 0, 0, 0, 0, 0, 0, 0, 0, 0, 0, 0, 0, 0, 0, 0, 0, 0, 0, 0, 0, 0, 0, 0, 0, 0, 0, None, ]
[0.242058161501, 0, 0, 0, 0, 0, 0.916432141596, 0, 0, 0, 1.3861669205, 0, 0, 0, 0, 0, 0, 0, 0, 0, 1.445673, 0, 0, 0, 0, 0, 0, 0, 0, 0, 0, 0.76, 0, 0, 0, 0, 0, 0, 0, 0, 0, 0, 0, 0, 0, 0, 0, 0, 0.5, 0, 0, 0, 0, 0, 0, 0, 0, 0, 0, 0, 0, 0, 0, 0, None, ]
[0.309486395189, 0, 0, 0, 0, 0, 1.06339175782, 0, 0, 0, 1.59210307172, 0, 0, 0, 0, 0, 0, 0, 0, 0, 1.6770981, 0, 0, 0, 0, 0, 0, 0, 0, 0, 0, 1.133995, 0, 0, 0, 0, 0, 0, 0, 0, 0, 0, 0, 0, 0, 0, 0, 0, 0.95, 0, 0, 0, 0.6, 0, 0, 0, 0, 0, 0, 0, 0, 0, 0, 0, None, ]
Policy - [5, 2, 0, 0, 0, 0, 0, 0, 0, 0, 1, 0, 0, 0, 0, 0, 0, 0, 0, 0, 3, 0, 0, 0, 0, 0, 0, 0, 0, 0, 0, 4, 0, 0, 0, 0, 0, 0, 0, 0, 0, 0, 0, 0, 0, 0, 0, 0, 1, 0, 0, 0, 4, 0, 6, 0, 0, 0, 0, 0, 0, 0, 0, 0, 7, ]
[0.384866297534, 0, 0, 0, 0, 0, 1.21624696818, 0, 0, 0, 1.80058580357, 0, 0, 0, 0, 0, 0, 0, 0, 0, 1.92277645005, 0, 0, 0, 0, 0, 0, 0, 0, 0, 0, 1.515586, 0, 0, 0, 0, 0, 0, 0, 0, 0, 0, 0, 0, 0, 0, 0, 0, 1.414994, 0, 0, 0, 1.14, 0, 0, 0, 0, 0, 0, 0, 0, 0, 0, 0, None, ]
[0.467992202129, 0, 0, 0, 0, 0, 1.37466284586, 0, 0, 0, 2.01278564045, 0, 0, 0, 0, 0, 0, 0, 0, 0, 2.18204224919, 0, 0, 0, 0, 0, 0, 0, 0, 0, 0, 1.90551265006, 0, 0, 0, 0, 0, 0, 0, 0, 0, 0, 0, 0, 0, 0, 0, 0, 1.8874832, 0, 0, 0, 1.626, 0, 0, 0, 0, 0, 0, 0, 0, 0, 0, 0, None, ]
[0.558645519873, 0, 0, 0, 0, 0, 1.53845499746, 0, 0, 0, 2.2296894809, 0, 0, 0, 0, 0, 0, 0, 0, 0, 2.45437023415, 0, 0, 0, 0, 0, 0, 0, 0, 0, 0, 2.30369083022, 0, 0, 0, 0, 0, 0, 0, 0, 0, 0, 0, 0, 0, 0, 0, 0, 2.36131862, 0, 0, 0, 2.0634, 0, 0, 0, 0, 0, 0, 0, 0, 0, 0, 0, None, ]
[0.656611083082, 0, 0, 0, 0, 0, 1.70755614891, 0, 0, 0, 2.45213301252, 0, 0, 0, 0, 0, 0, 0, 0, 0, 2.73927925685, 0, 0, 0, 0, 0, 0, 0, 0, 0, 0, 2.70942999601, 0, 0, 0, 0, 0, 0, 0, 0, 0, 0, 0, 0, 0, 0, 0, 0, 2.831506124, 0, 0, 0, 2.45706, 0, 0, 0, 0, 0, 0, 0, 0, 0, 0, 0, None, ]
[0.761688514103, 0, 0, 0, 0, 0, 1.88198931394, 0, 0, 0, 2.68082024416, 0, 0, 0, 0, 0, 0, 0, 0, 0, 3.03626723646, 0, 0, 0, 0, 0, 0, 0, 0, 0, 0, 3.12160929375, 0, 0, 0, 0, 0, 0, 0, 0, 0, 0, 0, 0, 0, 0, 0, 0, 3.294036941, 0, 0, 0, 2.811354, 0, 0, 0, 0, 0, 0, 0, 0, 0, 0, 0, None, ]
[0.873699774194, 0, 0, 0, 0, 0, 2.06184559876, 0, 0, 0, 2.91633458072, 0, 0, 0, 0, 0, 0, 0, 0, 0, 3.3447702261, 0, 0, 0, 0, 0, 0, 0, 0, 0, 0, 3.53881911811, 0, 0, 0, 0, 0, 0, 0, 0, 0, 0, 0, 0, 0, 0, 0, 0, 3.74574053336, 0, 0, 0, 3.1302186, 0, 0, 0, 0, 0, 0, 0, 0, 0, 0, 0, None, ]
[0.992493738195, 0, 0, 0, 0, 0, 2.24726533361, 0, 0, 0, 3.15914469756, 0, 0, 0, 0, 0, 0, 0, 0, 0, 3.66413972711, 0, 0, 0, 0, 0, 0, 0, 0, 0, 0, 3.95947380223, 0, 0, 0, 0, 0, 0, 0, 0, 0, 0, 0, 0, 0, 0, 0, 0, 4.18415703784, 0, 0, 0, 3.41719674, 0, -5.79935, 0, 0, 0, 0, 0, 0, 0, 0, 0, None, ]
[1.11794842508, 0, 0, 0, 0, 0, 2.43842167856, 0, 0, 0, 3.40960755911, 0, 0, 0, 0, 0, 0, 0, 0, 0, 3.99363353988, 0, 0, 0, 0, 0, 0, 0, 0, 0, 0, 4.38190028422, 0, 0, 0, 0, 0, 0, 0, 0, 0, 0, 0, 0, 0, 0, 0, 0, 4.60742683609, 0, 0, 0, 3.0956000595, 0, -5.79935, 0, 0, 0, 0, 0, 0, 0, 0, 0, None, ]
[1.24997136621, 0, 0, 0, 0, 0, 2.63550617054, 0, 0, 0, 3.66797022086, 0, 0, 0, 0, 0, 0, 0, 0, 0, 4.33241639531, 0, 0, 0, 0, 0, 0, 0, 0, 0, 0, 4.80440686514, 0, 0, 0, 0, 0, 0, 0, 0, 0, 0, 0, 0, 0, 0, 0, 0, 4.95621320243, 0, 0, 0, 2.80616304705, 0, -5.79935, 0, 0, 0, 0, 0, 0, 0, 0, 0, None, ]
[1.38849849158, 0, 0, 0, 0, 0, 2.83871589587, 0, 0, 0, 3.93437151414, 0, 0, 0, 0, 0, 0, 0, 0, 0, 4.67956739823, 0, 0, 0, 0, 0, 0, 0, 0, 0, 0, 5.21953793673, 0, 0, 0, 0, 0, 0, 0, 0, 0, 0, 0, 0, 0, 0, 0, 0, 5.24118012526, 0, 0, 0, 2.54566973585, 0, -5.79935, 0, 0, 0, 0, 0, 0, 0, 0, 0, None, ]
Policy - [5, 2, 0, 0, 0, 0, 0, 0, 0, 0, 1, 0, 0, 0, 0, 0, 0, 0, 0, 0, 3, 0, 0, 0, 0, 0, 0, 0, 0, 0, 0, 4, 0, 0, 0, 0, 0, 0, 0, 0, 0, 0, 0, 0, 0, 0, 0, 0, 1, 0, 0, 0, 4, 0, 5, 0, 0, 0, 0, 0, 0, 0, 0, 0, 0, ]
[1.53349184485, 0, 0, 0, 0, 0, 3.04824211398, 0, 0, 0, 4.20884430687, 0, 0, 0, 0, 0, 0, 0, 0, 0, 5.0335122567, 0, 0, 0, 0, 0, 0, 0, 0, 0, 0, 5.62164974378, 0, 0, 0, 0, 0, 0, 0, 0, 0, 0, 0, 0, 0, 0, 0, 0, 5.47160362962, 0, 0, 0, 2.31122575576, 0, -5.79935, 0, 0, 0, 0, 0, 0, 0, 0, 0, None, ]
[1.68493638935, 0, 0, 0, 0, 0, 3.26426024483, 0, 0, 0, 4.49126076673, 0, 0, 0, 0, 0, 0, 0, 0, 0, 5.39226978891, 0, 0, 0, 0, 0, 0, 0, 0, 0, 0, 6.00659041633, 0, 0, 0, 0, 0, 0, 0, 0, 0, 0, 0, 0, 0, 0, 0, 0, 5.65554272998, 0, 0, 0, 2.10022617368, 0, -5.79935, 0, 0, 0, 0, 0, 0, 0, 0, 0, None, ]
[1.84283613229, 0, 0, 0, 0, 0, 3.48691538441, 0, 0, 0, 4.78130774625, 0, 0, 0, 0, 0, 0, 0, 0, 0, 5.75364178575, 0, 0, 0, 0, 0, 0, 0, 0, 0, 0, 6.37142909227, 0, 0, 0, 0, 0, 0, 0, 0, 0, 0, 0, 0, 0, 0, 0, 0, 5.79999007209, 0, 0, 0, 1.91032654982, 0, -5.79935, 0, 0, 0, 0, 0, 0, 0, 0, 0, None, ]
[2.00720918835, 0, 0, 0, 0, 0, 3.71630680752, 0, 0, 0, 5.07848361378, 0, 0, 0, 0, 0, 0, 0, 0, 0, 6.11535680211, 0, 0, 0, 0, 0, 0, 0, 0, 0, 0, 6.71422719035, 0, 0, 0, 0, 0, 0, 0, 0, 0, 0, 0, 0, 0, 0, 0, 0, 5.91100461659, 0, 0, 0, 1.73941688833, 0, -5.79935, 0, 0, 0, 0, 0, 0, 0, 0, 0, None, ]
[2.1780817872, 0, 0, 0, 0, 0, 3.95247370331, 0, 0, 0, 5.38210977905, 0, 0, 0, 0, 0, 0, 0, 0, 0, 6.47517669866, 0, 0, 0, 0, 0, 0, 0, 0, 0, 0, 7.03384582293, 0, 0, 0, 0, 0, 0, 0, 0, 0, 0, 0, 0, 0, 0, 0, 0, 5.9938284496, 0, 0, 0, 1.585598193, 0, -11.018765, 0, 0, 0, 0, 0, 0, 0, 0, 0, None, ]
[2.35548145407, 0, 0, 0, 0, 0, 4.19538348978, 0, 0, 0, 5.69135171924, 0, 0, 0, 0, 0, 0, 0, 0, 0, 6.83097327263, 0, 0, 0, 0, 0, 0, 0, 0, 0, 0, 7.32978414731, 0, 0, 0, 0, 0, 0, 0, 0, 0, 0, 0, 0, 0, 0, 0, 0, 6.05298956796, 0, 0, 0, 0.925272061351, 0, -11.018765, 0, 0, 0, 0, 0, 0, 0, 0, 0, None, ]
[2.53942970381, 0, 0, 0, 0, 0, 4.44492339921, 0, 0, 0, 6.00524556485, 0, 0, 0, 0, 0, 0, 0, 0, 0, 7.18078106226, 0, 0, 0, 0, 0, 0, 0, 0, 0, 0, 7.60204415948, 0, 0, 0, 0, 0, 0, 0, 0, 0, 0, 0, 0, 0, 0, 0, 0, 6.04020856458, 0, 0, 0, 0.330978542866, 0, -11.018765, 0, 0, 0, 0, 0, 0, 0, 0, 0, None, ]
[2.72993462411, 0, 0, 0, 0, 0, 4.70089556332, 0, 0, 0, 6.32272730678, 0, 0, 0, 0, 0, 0, 0, 0, 0, 7.52283135154, 0, 0, 0, 0, 0, 0, 0, 0, 0, 0, 7.8458001979, 0, 0, 0, 0, 0, 0, 0, 0, 0, 0, 0, 0, 0, 0, 0, 0, 5.96928225262, 0, 0, 0, 0, 0, -11.018765, 0, 0, 0, 0, 0, 0, 0, 0, 0, None, ]
[2.92698370908, 0, 0, 0, 0, 0, 4.96301551039, 0, 0, 0, 6.64266248294, 0, 0, 0, 0, 0, 0, 0, 0, 0, 7.85504977817, 0, 0, 0, 0, 0, 0, 0, 0, 0, 0, 8.05808871055, 0, 0, 0, 0, 0, 0, 0, 0, 0, 0, 0, 0, 0, 0, 0, 0, 5.87235402736, 0, 0, 0, 0, 0, -11.018765, 0, 0, 0, 0, 0, 0, 0, 0, 0, None, ]
[3.13053725906, 0, 0, 0, 0, 0, 5.23091378102, 0, 0, 0, 6.96382266197, 0, 0, 0, 0, 0, 0, 0, 0, 0, 8.17527309052, 0, 0, 0, 0, 0, 0, 0, 0, 0, 0, 8.23945651869, 0, 0, 0, 0, 0, 0, 0, 0, 0, 0, 0, 0, 0, 0, 0, 0, 5.78511862462, 0, 0, 0, 0.6, 0, -11.018765, 0, 0, 0, 0, 0, 0, 0, 0, 0, None, ]
Policy - [5, 2, 0, 0, 0, 0, 0, 0, 0, 0, 1, 0, 0, 0, 0, 0, 0, 0, 0, 0, 3, 0, 0, 0, 0, 0, 0, 0, 0, 0, 0, 4, 0, 0, 0, 0, 0, 0, 0, 0, 0, 0, 0, 0, 0, 0, 0, 0, 1, 0, 0, 0, 5, 0, 3, 4, 0, 0, 0, 0, 0, 0, 0, 0, 4, ]
[3.34052260211, 0, 0, 0, 0, 0, 5.50413503089, 0, 0, 0, 7.28488595209, 0, 0, 0, 0, 0, 0, 0, 0, 0, 8.48160903877, 0, 0, 0, 0, 0, 0, 0, 0, 0, 0, 8.3939648781, 0, 0, 0, 0, 0, 0, 0, 0, 0, 0, 0, 0, 0, 0, 0, 0, 5.76660076216, 0, 0, 0, 1.14, 0, -11.018765, 0, 0, 0, 0, 0, 0, 0, 0, 0, None, ]
[3.55682880364, 0, 0, 0, 0, 0, 5.78213727415, 0, 0, 0, 7.60447344467, 0, 0, 0, 0, 0, 0, 0, 0, 0, 8.77276068306, 0, 0, 0, 0, 0, 0, 0, 0, 0, 0, 8.5311708005, 0, 0, 0, 0, 0, 0, 0, 0, 0, 0, 0, 0, 0, 0, 0, 0, 5.80392928594, 0, 0, 0, 1.626, 0, -11.018765, 0, 0, 0, 0, 0, 0, 0, 0, 0, None, ]
[3.77930182932, 0, 0, 0, 0, 0, 6.06429484647, 0, 0, 0, 7.9212144409, 0, 0, 0, 0, 0, 0, 0, 0, 0, 9.04851638309, 0, 0, 0, 0, 0, 0, 0, 0, 0, 0, 8.65838860975, 0, 0, 0, 0, 0, 0, 0, 0, 0, 0, 0, 0, 0, 0, 0, 0, 5.88612009735, 0, 0, 0, 2.0634, 0, -11.018765, 0.7, 0, 0, 0, 0, 0, 0, 0, 0, None, ]
[4.00774048809, 0, 0, 0, 0, 0, 6.34990759377, 0, 0, 0, 8.23385414996, 0, 0, 0, 0, 0, 0, 0, 0, 0, 9.30941702187, 0, 0, 0, 0, 0, 0, 0, 0, 0, 0, 8.78110289731, 0, 0, 0, 0, 0, 0, 0, 0, 0, 0, 0, 0, 0, 0, 0, 0, 6.00382745361, 0, 0, 0, 2.527053, 0, -11.018765, 1.33, 0.8, 0, 0, 0, 0, 0, 0, 0, None, ]
[4.24189369958, 0, 0, 0, 0, 0, 6.63821991084, 0, 0, 0, 8.54131734298, 0, 0, 0, 0, 0, 0, 0, 0, 0, 9.55649779839, 0, 0, 0, 0, 0, 0, 0, 0, 0, 0, 8.90331531466, 0, 0, 0, 0, 0, 0, 0, 0, 0, 0, 0, 0, 0, 0, 0, 0, 6.15612473772, 0, 0, 0, 3.0073344, 0, -11.018765, 1.976992, 1.52, 0, 0, 0, 0, 0, 0, 0, None, ]
[4.48145993851, 0, 0, 0, 0, 0, 6.92844424088, 0, 0, 0, 8.84273982354, 0, 0, 0, 0, 0, 0, 0, 0, 0, 9.79109051686, 0, 0, 0, 0, 0, 0, 0, 0, 0, 0, 9.02853469572, 0, 0, 0, 0, 0, 0, 0, 0, 0, 0, 0, 0, 0, 0, 0, 0, 6.34121563061, 0, 0, 0, 3.50428039008, 0, -11.018765, 2.6312776, 2.168, 0, 0, 0, 0, 0, 0, 0, None, ]
[4.7260890843, 0, 0, 0, 0, 0, 7.21978537175, 0, 0, 0, 9.13747698197, 0, 0, 0, 0, 0, 0, 0, 0, 0, 10.0147446494, 0, 0, 0, 0, 0, 0, 0, 0, 0, 0, 9.15973937706, 0, 0, 0, 0, 0, 0, 0, 0, 0, 0, 0, 0, 0, 0, 0, 0, 6.55748706375, 0, 0, 0, 4.0169537983, 0, -11.018765, 3.28492816, 2.7512, 0, 0, 0, 0, 0, 0, 0, None, ]
[4.97538651519, 0, 0, 0, 0, 0, 7.511463158, 0, 0, 0, 9.42510360126, 0, 0, 0, 0, 0, 0, 0, 0, 0, 10.2291525248, 0, 0, 0, 0, 0, 0, 0, 0, 0, 0, 9.29944857085, 0, 0, 0, 0, 0, 0, 0, 0, 0, 0, 0, 0, 0, 0, 0, 0, 6.80339356767, 0, 0, 0, 4.54371838518, 0, -11.018765, 3.931527832, 3.27608, 0, 0, 0, 0, 0, 0, 0, None, ]
[5.22891906484, 0, 0, 0, 0, 0, 7.80273295129, 0, 0, 0, 9.70540620209, 0, 0, 0, 0, 0, 0, 0, 0, 0, 10.4360891349, 0, 0, 0, 0, 0, 0, 0, 0, 0, 0, 9.4497750366, 0, 0, 0, 0, 0, 0, 0, 0, 0, 0, 0, 0, 0, 0, 0, 0, 7.07738061223, 0, 0, 0, 5.08246001459, 0, -11.018765, 4.565950288, 3.748472, 0, -5.59935, 0, 0, 0, 0, 0, None, ]
[5.48622242616, 0, 0, 0, 0, 0, 8.09290322231, 0, 0, 0, 9.97837013448, 0, 0, 0, 0, 0, 0, 0, 0, 0, 10.6373632273, 0, 0, 0, 0, 0, 0, 0, 0, 0, 0, 9.61246482036, 0, 0, 0, 0, 0, 0, 0, 0, 0, 0, 0, 0, 0, 0, 0, 0, 7.37783772787, 0, 0, 0, 5.63076338243, 0, -11.018765, 5.18416497448, 3.6137457935, 0, -5.59935, 0, 0, 0, 0, 0, None, ]
Policy - [5, 2, 0, 0, 0, 0, 0, 0, 0, 0, 1, 0, 0, 0, 0, 0, 0, 0, 0, 0, 3, 0, 0, 0, 0, 0, 0, 0, 0, 0, 0, 4, 0, 0, 0, 0, 0, 0, 0, 0, 0, 0, 0, 0, 0, 0, 0, 0, 1, 0, 0, 0, 5, 0, 3, 3, 5, 0, 4, 0, 0, 0, 0, 0, 8, ]
[5.74680957674, 0, 0, 0, 0, 0, 8.38135012983, 0, 0, 0, 10.2441630701, 0, 0, 0, 0, 0, 0, 0, 0, 0, 10.834777262, 0, 0, 0, 0, 0, 0, 0, 0, 0, 0, 9.78892833273, 0, 0, 0, 0, 0, 0, 0, 0, 0, 0, 0, 0, 0, 0, 0, 0, 7.70307398569, 0, 0, 0, 6.18605169998, 0, -11.018765, 5.72708691892, 3.49249220765, 0, -5.59935, 0, 0, 0, 0, 0, None, ]
[6.01017981855, 0, 0, 0, 0, 0, 8.66752898223, 0, 0, 0, 10.5031161415, 0, 0, 0, 0, 0, 0, 0, 0, 0, 11.0300944798, 0, 0, 0, 0, 0, 0, 0, 0, 0, 0, 9.98026586729, 0, 0, 0, 0, 0, 0, 0, 0, 0, 0, 0, 0, 0, 0, 0, 0, 8.0513098966, 0, 0, 0, 6.74009795101, 0, -11.018765, 6.20359252287, 3.38336398039, 0, -5.59935, 0, 0, 0, 0, 0, None, ]
[6.27582805963, 0, 0, 0, 0, 0, 8.950982667, 0, 0, 0, 10.7557036744, 0, 0, 0, 0, 0, 0, 0, 0, 0, 11.2250118159, 0, 0, 0, 0, 0, 0, 0, 0, 0, 0, 10.1872897571, 0, 0, 0, 0, 0, 0, 0, 0, 0, 0, 0, 0, 0, 0, 0, 0, 8.42012130106, 0, 0, 0, 7.28638537227, 0, -11.018765, 6.62153583499, 3.28514857585, 0, -5.59935, 0, 0, 0, 0, 0, None, ]
[6.54325401054, 0, 0, 0, 0, 0, 9.2313472107, 0, 0, 0, 11.0025222384, 0, 0, 0, 0, 0, 0, 0, 0, 0, 11.4211377371, 0, 0, 0, 0, 0, 0, 0, 0, 0, 0, 10.4104887103, 0, 0, 0, 0, 0, 0, 0, 0, 0, 0, 0, 0, 0, 0, 0, 0, 8.80667484433, 0, 0, 0, 7.81983420318, 0, -11.018765, 6.98786425759, 3.19675471176, 0, -5.59935, 0, 0, 0, 0, 0, None, ]
[6.81197101708, 0, 0, 0, 0, 0, 9.50835468825, 0, 0, 0, 11.2442695769, 0, 0, 0, 0, 0, 0, 0, 0, 0, 11.6199687295, 0, 0, 0, 0, 0, 0, 0, 0, 0, 0, 10.650019257, 0, 0, 0, 0, 0, 0, 0, 0, 0, 0, 0, 0, 0, 0, 0, 0, 9.20791258187, 0, 0, 0, 8.33656732998, 0, -11.018765, 7.30872133546, 3.11720023409, 0, -10.638765, 0, 0, 0, 0, 0, None, ]
[7.08151430065, 0, 0, 0, 0, 0, 9.78183373443, 0, 0, 0, 11.4817232925, 0, 0, 0, 0, 0, 0, 0, 0, 0, 11.8228672821, 0, 0, 0, 0, 0, 0, 0, 0, 0, 0, 10.9057165103, 0, 0, 0, 0, 0, 0, 0, 0, 0, 0, 0, 0, 0, 0, 0, 0, 9.62069469101, 0, 0, 0, 8.83370964331, 0, -11.018765, 7.58953805332, 2.54171009833, 0, -10.638765, 0, 0, 0, 0, 0, None, ]
[7.35144842569, 0, 0, 0, 0, 0, 10.051707873, 0, 0, 0, 11.7157194628, 0, 0, 0, 0, 0, 0, 0, 0, 0, 12.0310431477, 0, 0, 0, 0, 0, 0, 0, 0, 0, 0, 11.1771181214, 0, 0, 0, 0, 0, 0, 0, 0, 0, 0, 0, 0, 0, 0, 0, 0, 10.0419078491, 0, 0, 0, 9.30921658893, 0, -11.018765, 7.78472984072, 2.02376897614, 0, -10.638765, 0, 0, 0, 0, 0, None, ]
[7.62137385334, 0, 0, 0, 0, 0, 10.3179918748, 0, 0, 0, 11.9471315209, 0, 0, 0, 0, 0, 0, 0, 0, 0, 12.2455388739, 0, 0, 0, 0, 0, 0, 0, 0, 0, 0, 11.4634966751, 0, 0, 0, 0, 0, 0, 0, 0, 0, 0, 0, 0, 0, 0, 0, 0, 10.468545631, 0, 0, 0, 9.75669006681, 0, -11.018765, 7.90861351657, 1.55762196618, 0, -10.638765, 0, 0, 0, 0, 0, None, ]
[7.89093247557, 0, 0, 0, 0, 0, 10.5807863681, 0, 0, 0, 12.1768498008, 0, 0, 0, 0, 0, 0, 0, 0, 0, 12.4672200191, 0, 0, 0, 0, 0, 0, 0, 0, 0, 0, 11.7638968853, 0, 0, 0, 0, 0, 0, 0, 0, 0, 0, 0, 0, 0, 0, 0, 0, 10.8972625076, 0, 0, 0, 10.1718033257, 0, -11.018765, 7.97349878531, 1.13808965721, 0, -10.638765, 0, 0, 0, 0, 0, None, ]
[8.15981205696, 0, 0, 0, 0, 0, 10.8402709428, 0, 0, 0, 12.4057621504, 0, 0, 0, 0, 0, 0, 0, 0, 0, 12.6967700667, 0, 0, 0, 0, 0, 0, 0, 0, 0, 0, 12.0771244749, 0, 0, 0, 0, 0, 0, 0, 0, 0, 0, 0, 0, 0, 0, 0, 0, 11.3246148714, 0, 0, 0, 10.5518931366, 0, -11.018765, 7.9899464916, 0.760510579141, 0, -10.638765, 0, 0, 0, 0, 0, None, ]
Policy - [5, 2, 0, 0, 0, 0, 0, 0, 0, 0, 1, 0, 0, 0, 0, 0, 0, 0, 0, 0, 3, 0, 0, 0, 0, 0, 0, 0, 0, 0, 0, 4, 0, 0, 0, 0, 0, 0, 0, 0, 0, 0, 0, 0, 0, 0, 0, 0, 1, 0, 0, 0, 5, 0, 3, 3, 5, 0, 0, 0, 0, 0, 0, 0, 5, ]
[8.42774954284, 0, 0, 0, 0, 0, 11.096696006, 0, 0, 0, 12.6347359743, 0, 0, 0, 0, 0, 0, 0, 0, 0, 12.9346847363, 0, 0, 0, 0, 0, 0, 0, 0, 0, 0, 12.4017602684, 0, 0, 0, 0, 0, 0, 0, 0, 0, 0, 0, 0, 0, 0, 0, 0, 11.747237179, 0, 0, 0, 10.8956185727, 0, -11.018765, 7.96699529525, 0.420689408877, 0, -15.1742385, 0, 0, 0, 0, 0, None, ]
[8.69453322219, 0, 0, 0, 0, 0, 11.3503736555, 0, 0, 0, 12.8646015037, 0, 0, 0, 0, 0, 0, 0, 0, 0, 13.1812682719, 0, 0, 0, 0, 0, 0, 0, 0, 0, 0, 12.7361904871, 0, 0, 0, 0, 0, 0, 0, 0, 0, 0, 0, 0, 0, 0, 0, 0, 12.1619663622, 0, 0, 0, 11.202676575, 0, -11.018765, 7.91236049972, 0, 0, -15.1742385, 0, 0, 0, 0, 0, None, ]
[8.96000376178, 0, 0, 0, 0, 0, 11.6016677943, 0, 0, 0, 13.0961363678, 0, 0, 0, 0, 0, 0, 0, 0, 0, 13.4366331315, 0, 0, 0, 0, 0, 0, 0, 0, 0, 0, 13.0786464549, 0, 0, 0, 0, 0, 0, 0, 0, 0, 0, 0, 0, 0, 0, 0, 0, 12.5659253567, 0, 0, 0, 11.4735658438, 0, -11.018765, 7.82112444975, 0.8, 0, -15.1742385, 0, 0, 0, 0, 0, None, ]
[9.22405414835, 0, 0, 0, 0, 0, 11.8509836903, 0, 0, 0, 13.3300516779, 0, 0, 0, 0, 0, 0, 0, 0, 0, 13.7007036774, 0, 0, 0, 0, 0, 0, 0, 0, 0, 0, 13.4272486858, 0, 0, 0, 0, 0, 0, 0, 0, 0, 0, 0, 0, 0, 0, 0, 0, 12.9565746698, 0, 0, 0, 11.7082434932, 0, -11.018765, 7.81900400477, 1.52, 0, -15.1742385, 0, 0, 0, 0, 0, None, ]
[9.4866285927, 0, 0, 0, 0, 0, 12.0987571885, 0, 0, 0, 13.5669798708, 0, 0, 0, 0, 0, 0, 0, 0, 0, 13.9732239057, 0, 0, 0, 0, 0, 0, 0, 0, 0, 0, 13.7800517185, 0, 0, 0, 0, 0, 0, 0, 0, 0, 0, 0, 0, 0, 0, 0, 0, 13.3316244697, 0, 0, 0, 11.9192413543, 0, -11.018765, 7.8890884043, 2.168, 0, -15.1742385, 0, 0, 0, 0, 0, None, ]
[9.74772046471, 0, 0, 0, 0, 0, 12.3454437869, 0, 0, 0, 13.807464542, 0, 0, 0, 0, 0, 0, 0, 0, 0, 14.2537688865, 0, 0, 0, 0, 0, 0, 0, 0, 0, 0, 14.1350756774, 0, 0, 0, 0, 0, 0, 0, 0, 0, 0, 0, 0, 0, 0, 0, 0, 13.6902669657, 0, 0, 0, 12.1161471684, 0, -11.018765, 8.01695788387, 2.7512, 0, -15.1742385, 0, 0, 0, 0, 0, None, ]
[10.0073693425, 0, 0, 0, 0, 0, 12.5915077878, 0, 0, 0, 14.0519524388, 0, 0, 0, 0, 0, 0, 0, 0, 0, 14.5417582148, 0, 0, 0, 0, 0, 0, 0, 0, 0, 0, 14.4904579035, 0, 0, 0, 0, 0, 0, 0, 0, 0, 0, 0, 0, 0, 0, 0, 0, 14.0327338245, 0, 0, 0, 12.3061480704, 0, -11.018765, 8.19035458348, 3.27608, 0, -15.1742385, 0.9, 0, 0, 0, 0, None, ]
[10.2656572719, 0, 0, 0, 0, 0, 12.8374117334, 0, 0, 0, 14.3007875988, 0, 0, 0, 0, 0, 0, 0, 0, 0, 14.8364832791, 0, 0, 0, 0, 0, 0, 0, 0, 0, 0, 14.8445451683, 0, 0, 0, 0, 0, 0, 0, 0, 0, 0, 0, 0, 0, 0, 0, 0, 14.3599521876, 0, 0, 0, 12.4944868181, 0, -11.018765, 8.39889436433, 3.838463, 0, -15.1742385, 1.71, 0, 0, 0, 0, None, ]
[10.522704344, 0, 0, 0, 0, 0, 13.083606312, 0, 0, 0, 14.554208802, 0, 0, 0, 0, 0, 0, 0, 0, 0, 15.1371410226, 0, 0, 0, 0, 0, 0, 0, 0, 0, 0, 15.1959422707, 0, 0, 0, 0, 0, 0, 0, 0, 0, 0, 0, 0, 0, 0, 0, 0, 14.6732807058, 0, 0, 0, 12.6848435838, 0, -11.018765, 8.64281284327, 4.4255996, 0, -15.1742385, 2.439, 0, 0, 0, 0, None, ]
[10.7786637047, 0, 0, 0, 0, 0, 13.3305210189, 0, 0, 0, 14.8123506527, 0, 0, 0, 0, 0, 0, 0, 0, 0, 15.442869188, 0, 0, 0, 0, 0, 0, 0, 0, 0, 0, 15.5435293814, 0, 0, 0, 0, 0, 0, 0, 0, 0, 0, 0, 0, 0, 0, 0, 0, 14.9743101452, 0, 0, 0, 12.8805540816, 0, -11.018765, 8.92104726295, 5.02691525, 0, -15.1742385, 3.0951, 0, 0, 0, 0, None, ]
Policy - [5, 2, 0, 0, 0, 0, 0, 0, 0, 0, 1, 0, 0, 0, 0, 0, 0, 0, 0, 0, 3, 0, 0, 0, 0, 0, 0, 0, 0, 0, 0, 4, 0, 0, 0, 0, 0, 0, 0, 0, 0, 0, 0, 0, 0, 0, 0, 0, 1, 0, 0, 0, 5, 0, 3, 3, 6, 0, 1, 4, 6, 0, 0, 0, 2, ]
[11.0337161309, 0, 0, 0, 0, 0, 13.5785558588, 0, 0, 0, 15.0752480775, 0, 0, 0, 0, 0, 0, 0, 0, 0, 15.752779772, 0, 0, 0, 0, 0, 0, 0, 0, 0, 0, 15.8864577147, 0, 0, 0, 0, 0, 0, 0, 0, 0, 0, 0, 0, 0, 0, 0, 0, 15.2648057333, 0, 0, 0, 13.0845141893, 0, -11.018765, 9.2315837925, 5.633702774, 0, -15.1742385, 3.68559, 1.0, 0, 0, 0, None, ]
[11.2880643182, 0, 0, 0, 0, 0, 13.8280743282, 0, 0, 0, 15.3428437192, 0, 0, 0, 0, 0, 0, 0, 0, 0, 16.0659887017, 0, 0, 0, 0, 0, 0, 0, 0, 0, 0, 16.2241398685, 0, 0, 0, 0, 0, 0, 0, 0, 0, 0, 0, 0, 0, 0, 0, 0, 15.5466457337, 0, 0, 0, 13.2991288338, 0, -11.018765, 9.57173935362, 6.2388546407, 0, -15.1742385, 4.317021, 1.9, 0, 0, 0, None, ]
[11.5419270384, 0, 0, 0, 0, 0, 14.0793978389, 0, 0, 0, 15.6149975575, 0, 0, 0, 0, 0, 0, 0, 0, 0, 16.381641577, 0, 0, 0, 0, 0, 0, 0, 0, 0, 0, 16.5562349885, 0, 0, 0, 0, 0, 0, 0, 0, 0, 0, 0, 0, 0, 0, 0, 0, 15.8217610525, 0, 0, 0, 13.5262941684, 0, -11.018765, 9.93838849378, 6.84662810642, 0, -15.1742385, 4.9752999, 2.71, 0, 0, 0, None, ]
[11.7955333245, 0, 0, 0, 0, 0, 14.3328016607, 0, 0, 0, 15.8914981431, 0, 0, 0, 0, 0, 0, 0, 0, 0, 16.6989353558, 0, 0, 0, 0, 0, 0, 0, 0, 0, 0, 16.8826293773, 0, 0, 0, 0, 0, 0, 0, 0, 0, 0, 0, 0, 0, 0, 0, 0, 16.0920791011, 0, 0, 0, 13.767404217, 0, -11.018765, 10.3291439888, 7.45944553278, 0, -15.1742385, 5.64874281, 3.439, 0, 0, 0, None, ]
[12.0491168301, 0, 0, 0, 0, 0, 14.588512394, 0, 0, 0, 16.172074875, 0, 0, 0, 0, 0, 0, 0, 0, 0, 17.0171359317, 0, 0, 0, 0, 0, 0, 0, 0, 0, 0, 17.2034134289, 0, 0, 0, 0, 0, 0, 0, 0, 0, 0, 0, 0, 0, 0, 0, 0, 16.3594739387, 0, 0, 0, 14.0234749028, 0, -11.018765, 10.7420995487, 8.07831877307, 0, -15.1742385, 6.327734139, 4.0951, 0, 0, 0, None, ]
[12.3029105014, 0, 0, 0, 0, 0, 14.8467069213, 0, 0, 0, 16.4564108093, 0, 0, 0, 0, 0, 0, 0, 0, 0, 17.3355916472, 0, 0, 0, 0, 0, 0, 0, 0, 0, 0, 17.5188558851, 0, 0, 0, 0, 0, 0, 0, 0, 0, 0, 0, 0, 0, 0, 0, 0, 16.6257338003, 0, 0, 0, 14.2952299464, 0, -11.018765, 11.175640688, 8.70319703232, 0, -15.1742385, 7.0044297741, 4.68559, 0, 0, 0, None, ]
[12.5571416763, 0, 0, 0, 0, 0, 15.107512746, 0, 0, 0, 16.7441555372, 0, 0, 0, 0, 0, 0, 0, 0, 0, 17.6537428825, 0, 0, 0, 0, 0, 0, 0, 0, 0, 0, 17.8293774193, 0, 0, 0, 0, 0, 0, 0, 0, 0, 0, 0, 0, 0, 0, 0, 0, 16.8925404626, 0, 0, 0, 14.5831592641, 0, -11.018765, 11.6283092904, 9.3332502622, 0, -15.1742385, 7.67249894079, 5.217031, 0, -5.39935, 0, None, ]
[12.8120277081, 0, 0, 0, 0, 0, 15.3710095836, 0, 0, 0, 17.0349377343, 0, 0, 0, 0, 0, 0, 0, 0, 0, 17.9711280424, 0, 0, 0, 0, 0, 0, 0, 0, 0, 0, 18.1355247983, 0, 0, 0, 0, 0, 0, 0, 0, 0, 0, 0, 0, 0, 0, 0, 0, 17.1614565112, 0, 0, 0, 14.8875579837, 0, -11.018765, 12.0987100551, 9.96709840507, 0, -15.1742385, 8.3268999764, 5.1554468935, 0, -5.39935, 0, None, ]
[13.0677721856, 0, 0, 0, 0, 0, 15.6372320493, 0, 0, 0, 17.3283770538, 0, 0, 0, 0, 0, 0, 0, 0, 0, 18.2873863627, 0, 0, 0, 0, 0, 0, 0, 0, 0, 0, 18.437946355, 0, 0, 0, 0, 0, 0, 0, 0, 0, 0, 0, 0, 0, 0, 0, 0, 17.4339177828, 0, 0, 0, 15.2085522037, 0, -11.018765, 12.5854492191, 10.6029952932, 0, -15.1742385, 8.90970311364, 5.10002119765, 0, -5.39935, 0, None, ]
[13.3245617996, 0, 0, 0, 0, 0, 15.906173266, 0, 0, 0, 17.6240951108, 0, 0, 0, 0, 0, 0, 0, 0, 0, 18.6022579825, 0, 0, 0, 0, 0, 0, 0, 0, 0, 0, 18.7373691586, 0, 0, 0, 0, 0, 0, 0, 0, 0, 0, 0, 0, 0, 0, 0, 0, 17.7112291394, 0, 0, 0, 15.5461160507, 0, -11.018765, 13.0870977966, 11.2335769782, 0, -15.1742385, 9.42868392183, 5.05013807139, 0, -5.39935, 0, None, ]
Policy - [5, 2, 0, 0, 0, 0, 0, 0, 0, 0, 1, 0, 0, 0, 0, 0, 0, 0, 0, 0, 3, 0, 0, 0, 0, 0, 0, 0, 0, 0, 0, 4, 0, 0, 0, 0, 0, 0, 0, 0, 0, 0, 0, 0, 0, 0, 0, 0, 1, 0, 0, 0, 5, 0, 3, 3, 6, 0, 1, 4, 6, 0, 6, 0, 4, ]
[13.5825638845, 0, 0, 0, 0, 0, 16.1777892095, 0, 0, 0, 17.9217253754, 0, 0, 0, 0, 0, 0, 0, 0, 0, 18.9155817264, 0, 0, 0, 0, 0, 0, 0, 0, 0, 0, 19.0345780444, 0, 0, 0, 0, 0, 0, 0, 0, 0, 0, 0, 0, 0, 0, 0, 0, 17.9945623694, 0, 0, 0, 15.9000833544, 0, -11.018765, 13.601633379, 11.8529933857, 0, -15.1742385, 9.89077883541, 5.00524325775, 0, -5.39935, 0, None, ]
[13.8419246391, 0, 0, 0, 0, 0, 16.4520036088, 0, 0, 0, 18.2209218547, 0, 0, 0, 0, 0, 0, 0, 0, 0, 19.2272910124, 0, 0, 0, 0, 0, 0, 0, 0, 0, 0, 19.3303965313, 0, 0, 0, 0, 0, 0, 0, 0, 0, 0, 0, 0, 0, 0, 0, 0, 18.284955467, 0, 0, 0, 16.2701023405, 0, -11.018765, 14.1266508497, 12.4566730229, 0, -15.1742385, 10.3021752252, 4.96483792547, 0, -5.39935, 0, None, ]
[14.1027680161, 0, 0, 0, 0, 0, 16.7287132242, 0, 0, 0, 18.5213664976, 0, 0, 0, 0, 0, 0, 0, 0, 0, 19.5374082603, 0, 0, 0, 0, 0, 0, 0, 0, 0, 0, 19.6256695753, 0, 0, 0, 0, 0, 0, 0, 0, 0, 0, 0, 0, 0, 0, 0, 0, 18.5833074534, 0, 0, 0, 16.6556159249, 0, -11.018765, 14.6595285003, 13.0411202214, 0, -15.1742385, 10.6683918469, 4.92847312642, 0, -5.39935, 0, None, ]
[14.3651952498, 0, 0, 0, 0, 0, 17.0077933379, 0, 0, 0, 18.8227752998, 0, 0, 0, 0, 0, 0, 0, 0, 0, 19.8460381351, 0, 0, 0, 0, 0, 0, 0, 0, 0, 0, 19.92124753, 0, 0, 0, 0, 0, 0, 0, 0, 0, 0, 0, 0, 0, 0, 0, 0, 18.8903717444, 0, 0, 0, 17.0558605871, 0, -11.018765, 15.1975572612, 13.6037407, 0, -15.1742385, 10.9943506901, 4.89574480728, 0, -10.258765, 0, None, ]
[14.6292849806, 0, 0, 0, 0, 0, 17.2891033063, 0, 0, 0, 19.1249031229, 0, 0, 0, 0, 0, 0, 0, 0, 0, 20.1533598622, 0, 0, 0, 0, 0, 0, 0, 0, 0, 0, 20.2179710477, 0, 0, 0, 0, 0, 0, 0, 0, 0, 0, 0, 0, 0, 0, 0, 0, 19.20675007, 0, 0, 0, 17.469878279, 0, -11.018765, 15.7380395677, 14.1426917555, 0, -15.1742385, 11.2844411444, 4.3803964142, 0, -10.258765, 0, None, ]
[14.8950939222, 0, 0, 0, 0, 0, 17.5724920389, 0, 0, 0, 19.4275472632, 0, 0, 0, 0, 0, 0, 0, 0, 0, 20.459618801, 0, 0, 0, 0, 0, 0, 0, 0, 0, 0, 20.5166568825, 0, 0, 0, 0, 0, 0, 0, 0, 0, 0, 0, 0, 0, 0, 0, 0, 19.5328881921, 0, 0, 0, 17.8965370275, 0, -11.018765, 16.2783633595, 14.65675385, 0, -15.1742385, 11.4939928674, 3.91658286043, 0, -10.258765, 0, None, ]
[15.1626580089, 0, 0, 0, 0, 0, 17.8578032859, 0, 0, 0, 19.7305498208, 0, 0, 0, 0, 0, 0, 0, 0, 0, 20.7651174426, 0, 0, 0, 0, 0, 0, 0, 0, 0, 0, 20.8180846845, 0, 0, 0, 0, 0, 0, 0, 0, 0, 0, 0, 0, 0, 0, 0, 0, 19.8690741103, 0, 0, 0, 18.334556877, 0, -11.018765, 16.8160558411, 15.1403628118, 0, -15.1742385, 11.6362127009, 3.49915066204, 0, -10.258765, 0, None, ]
[15.4319939586, 0, 0, 0, 0, 0, 18.1448806339, 0, 0, 0, 20.0337989318, 0, 0, 0, 0, 0, 0, 0, 0, 0, 21.0702059859, 0, 0, 0, 0, 0, 0, 0, 0, 0, 0, 21.1229849364, 0, 0, 0, 0, 0, 0, 0, 0, 0, 0, 0, 0, 0, 0, 0, 0, 20.2154390414, 0, 0, 0, 18.7825386129, 0, -11.018765, 17.3483351345, 15.5898314386, 0, -15.1742385, 11.7224715055, 3.12346168349, 0, -10.258765, 0, None, ]
[15.7031011773, 0, 0, 0, 0, 0, 18.4335721257, 0, 0, 0, 20.3372289352, 0, 0, 0, 0, 0, 0, 0, 0, 0, 21.3752726511, 0, 0, 0, 0, 0, 0, 0, 0, 0, 0, 21.4320281925, 0, 0, 0, 0, 0, 0, 0, 0, 0, 0, 0, 0, 0, 0, 0, 0, 20.5719611732, 0, 0, 0, 19.2389447817, 0, -11.018765, 17.8723288666, 16.0029782206, 0, -15.1742385, 11.7625392886, 2.78534160279, 0, -10.258765, 0, None, ]
[15.9759639364, 0, 0, 0, 0, 0, 18.7237344344, 0, 0, 0, 20.640819554, 0, 0, 0, 0, 0, 0, 0, 0, 0, 21.680733885, 0, 0, 0, 0, 0, 0, 0, 0, 0, 0, 21.7458157709, 0, 0, 0, 0, 0, 0, 0, 0, 0, 0, 0, 0, 0, 0, 0, 0, 20.9384671446, 0, 0, 0, 19.7021044669, 0, -11.018765, 18.3852337722, 16.378816702, 0, -15.1742385, 11.7647916666, 2.48103353016, 0, -10.258765, 0, None, ]
Policy - [5, 2, 0, 0, 0, 0, 0, 0, 0, 0, 1, 0, 0, 0, 0, 0, 0, 0, 0, 0, 3, 0, 0, 0, 0, 0, 0, 0, 0, 0, 0, 4, 0, 0, 0, 0, 0, 0, 0, 0, 0, 0, 0, 0, 0, 0, 0, 0, 1, 0, 0, 0, 5, 0, 3, 3, 6, 0, 1, 4, 6, 0, 0, 0, 5, ]
[16.2505537489, 0, 0, 0, 0, 0, 19.0152365381, 0, 0, 0, 20.9445941798, 0, 0, 0, 0, 0, 0, 0, 0, 0, 21.9870246154, 0, 0, 0, 0, 0, 0, 0, 0, 0, 0, 22.0648715236, 0, 0, 0, 0, 0, 0, 0, 0, 0, 0, 0, 0, 0, 0, 0, 0, 21.3146338558, 0, 0, 0, 20.1702335451, 0, -11.018765, 18.884428277, 16.7172965505, 0, -15.1742385, 11.7363910427, 2.20715626479, 0, -14.6322385, 0, None, ]
[16.5268318754, 0, 0, 0, 0, 0, 19.3079628564, 0, 0, 0, 21.2486173531, 0, 0, 0, 0, 0, 0, 0, 0, 0, 22.2945886575, 0, 0, 0, 0, 0, 0, 0, 0, 0, 0, 22.3896346105, 0, 0, 0, 0, 0, 0, 0, 0, 0, 0, 0, 0, 0, 0, 0, 0, 21.6999921224, 0, 0, 0, 20.641464174, 0, -11.018765, 19.3675479314, 17.0190886358, 0, -15.1742385, 11.6834454933, 1.5233631107, 0, -14.6322385, 0, None, ]
[16.8047518939, 0, 0, 0, 0, 0, 19.6018158199, 0, 0, 0, 21.5529915377, 0, 0, 0, 0, 0, 0, 0, 0, 0, 22.6038693565, 0, 0, 0, 0, 0, 0, 0, 0, 0, 0, 22.7204533618, 0, 0, 0, 0, 0, 0, 0, 0, 0, 0, 0, 0, 0, 0, 0, 0, 22.0939329129, 0, 0, 0, 21.1138788743, 0, -11.018765, 19.832531811, 17.2854074871, 0, -15.1742385, 11.5674220214, 0.907949272014, 0, -14.6322385, 0, None, ]
[17.0842622683, 0, 0, 0, 0, 0, 19.8967178617, 0, 0, 0, 21.8578532809, 0, 0, 0, 0, 0, 0, 0, 0, 0, 22.9153005525, 0, 0, 0, 0, 0, 0, 0, 0, 0, 0, 23.0575803776, 0, 0, 0, 0, 0, 0, 0, 0, 0, 0, 0, 0, 0, 0, 0, 0, 22.4957163702, 0, 0, 0, 21.5855458426, 0, -11.018765, 20.2776465245, 17.5134932663, 0, -15.1742385, 11.401465667, 0.354076817197, 0, -14.6322385, 0, None, ]
[17.3653088605, 0, 0, 0, 0, 0, 20.1926128251, 0, 0, 0, 22.163368855, 0, 0, 0, 0, 0, 0, 0, 0, 0, 23.2292979592, 0, 0, 0, 0, 0, 0, 0, 0, 0, 0, 23.4011690197, 0, 0, 0, 0, 0, 0, 0, 0, 0, 0, 0, 0, 0, 0, 0, 0, 22.904483462, 0, 0, 0, 22.0545531343, 0, -11.018765, 20.7010560637, 17.7021764917, 0, -15.1742385, 11.1967232412, 0, 0, -14.6322385, 0, None, ]
[17.6478373308, 0, 0, 0, 0, 0, 20.4894667944, 0, 0, 0, 22.4697294724, 0, 0, 0, 0, 0, 0, 0, 0, 0, 23.5462510535, 0, 0, 0, 0, 0, 0, 0, 0, 0, 0, 23.7512714191, 0, 0, 0, 0, 0, 0, 0, 0, 0, 0, 0, 0, 0, 0, 0, 0, 23.3192698837, 0, 0, 0, 22.5189964167, 0, -11.018765, 21.1009910848, 17.8515191995, 0, -15.1742385, 10.9770509171, 1.0, 0, -14.6322385, 0, None, ]
[17.9317953825, 0, 0, 0, 0, 0, 20.7872683649, 0, 0, 0, 22.777146168, 0, 0, 0, 0, 0, 0, 0, 0, 0, 23.8665155774, 0, 0, 0, 0, 0, 0, 0, 0, 0, 0, 24.1078380728, 0, 0, 0, 0, 0, 0, 0, 0, 0, 0, 0, 0, 0, 0, 0, 0, 23.739017347, 0, 0, 0, 22.9769848736, 0, -11.018765, 21.4758653811, 17.9639626007, 0, -15.1742385, 10.8793358254, 1.9, 0, -14.6322385, 0, None, ]
[18.2171348081, 0, 0, 0, 0, 0, 21.0860283738, 0, 0, 0, 23.0858444438, 0, 0, 0, 0, 0, 0, 0, 0, 0, 24.1904067485, 0, 0, 0, 0, 0, 0, 0, 0, 0, 0, 24.4707186101, 0, 0, 0, 0, 0, 0, 0, 0, 0, 0, 0, 0, 0, 0, 0, 0, 24.1625843299, 0, 0, 0, 23.4266581657, 0, -11.018765, 21.8244954634, 18.0553911298, 0, -15.1742385, 10.8813832429, 2.71, 7.0994, -14.6322385, 0, None, ]
[18.5038133044, 0, 0, 0, 0, 0, 21.3857791223, 0, 0, 0, 23.3960587702, 0, 0, 0, 0, 0, 0, 0, 0, 0, 24.5181932275, 0, 0, 0, 0, 0, 0, 0, 0, 0, 0, 24.8396635562, 0, 0, 0, 0, 0, 0, 0, 0, 0, 0, 0, 0, 0, 0, 0, 0, 24.5887574469, 0, 0, 0, 23.8662236505, 0, -11.018765, 22.1474044761, 18.1378815273, 0, -15.1742385, 10.9642178186, 4.148869006, 13.48886, -14.6322385, 0, None, ]
[18.7917960284, 0, 0, 0, 0, 0, 21.6865731265, 0, 0, 0, 23.708027034, 0, 0, 0, 0, 0, 0, 0, 0, 0, 24.8500918637, 0, 0, 0, 0, 0, 0, 0, 0, 0, 0, 25.2143270577, 0, 0, 0, 0, 0, 0, 0, 0, 0, 0, 0, 0, 0, 0, 0, 0, 25.016265405, 0, 0, 0, 24.294120259, 0, -11.018765, 22.4462708024, 18.2204055142, 0, -15.1742385, 11.1826414486, 6.0827332168, 19.239374, -14.6322385, 0, None, ]
Policy - [5, 2, 0, 0, 0, 0, 0, 0, 0, 0, 1, 0, 0, 0, 0, 0, 0, 0, 0, 0, 3, 0, 0, 0, 0, 0, 0, 0, 0, 0, 0, 4, 0, 0, 0, 0, 0, 0, 0, 0, 0, 0, 0, 0, 0, 0, 0, 0, 1, 0, 0, 0, 5, 0, 3, 3, 6, 0, 1, 4, 5, 6, 3, 0, 1, ]
[19.0810568724, 0, 0, 0, 0, 0, 21.988481437, 0, 0, 0, 24.0219850161, 0, 0, 0, 0, 0, 0, 0, 0, 0, 25.1862632399, 0, 0, 0, 0, 0, 0, 0, 0, 0, 0, 25.5942707298, 0, 0, 0, 0, 0, 0, 0, 0, 0, 0, 0, 0, 0, 0, 0, 0, 25.4438079492, 0, 0, 0, 24.7091108507, 0, -11.018765, 22.7235020696, 18.3165172813, 0, -15.1742385, 11.5725897981, 8.39820490138, 24.4148366, -14.6322385, 0, None, ]
[19.3715794441, 0, 0, 0, 0, 0, 22.2915915751, 0, 0, 0, 24.3381609758, 0, 0, 0, 0, 0, 0, 0, 0, 0, 25.5268080461, 0, 0, 0, 0, 0, 0, 0, 0, 0, 0, 25.9789700136, 0, 0, 0, 0, 0, 0, 0, 0, 0, 0, 0, 0, 0, 0, 0, 0, 25.8700911482, 0, 0, 0, 25.1103227375, 0, -11.018765, 22.9826204256, 18.4420088071, 0, -15.1742385, 12.1550673264, 10.9996239229, 29.07275294, -14.6322385, 0, None, ]
[19.6633577413, 0, 0, 0, 0, 0, 22.5960051335, 0, 0, 0, 24.6567704148, 0, 0, 0, 0, 0, 0, 0, 0, 0, 25.8717644532, 0, 0, 0, 0, 0, 0, 0, 0, 0, 0, 26.3678234262, 0, 0, 0, 0, 0, 0, 0, 0, 0, 0, 0, 0, 0, 0, 0, 0, 26.2938632039, 0, 0, 0, 25.4973226801, 0, -11.018765, 23.2283748436, 18.6131931083, 0, -15.1742385, 12.9394129898, 13.8066460971, 33.264877646, -14.6322385, 0, None, ]
[19.9563965204, 0, 0, 0, 0, 0, 22.901835094, 0, 0, 0, 24.978011101, 0, 0, 0, 0, 0, 0, 0, 0, 0, 26.2211066723, 0, 0, 0, 0, 0, 0, 0, 0, 0, 0, 26.7601644653, 0, 0, 0, 0, 0, 0, 0, 0, 0, 0, 0, 0, 0, 0, 0, 0, 26.7139541783, 0, 0, 0, 25.8701956127, 0, -11.018765, 23.4666705382, 18.8456857023, 0, -15.1742385, 13.9259982341, 16.7521366032, 37.0377898814, -14.6322385, 0, None, ]
[20.2507113594, 0, 0, 0, 0, 0, 23.2092029145, 0, 0, 0, 25.302058447, 0, 0, 0, 0, 0, 0, 0, 0, 0, 26.5747448499, 0, 0, 0, 0, 0, 0, 0, 0, 0, 0, 27.1552762971, 0, 0, 0, 0, 0, 0, 0, 0, 0, 0, 0, 0, 0, 0, 0, 0, 27.1293196198, 0, 0, 0, 26.2296084386, 0, -11.018765, 23.7043835977, 19.1535776955, 0, -15.1742385, 15.1084445496, 19.7803315531, 40.4334108933, -14.6322385, 0, None, ]
[20.5463284229, 0, 0, 0, 0, 0, 23.5182354472, 0, 0, 0, 25.6290613399, 0, 0, 0, 0, 0, 0, 0, 0, 0, 26.9325264419, 0, 0, 0, 0, 0, 0, 0, 0, 0, 0, 27.5524093362, 0, 0, 0, 0, 0, 0, 0, 0, 0, 0, 0, 0, 0, 0, 0, 0, 27.5390862056, 0, 0, 0, 26.5768489106, 0, -11.018765, 23.9491114717, 19.5489132965, 0, -15.1742385, 16.4754354466, 22.845235153, 43.4894698039, -14.6322385, 0, None, ]
[20.843283943, 0, 0, 0, 0, 0, 23.8290617459, 0, 0, 0, 25.9591385248, 0, 0, 0, 0, 0, 0, 0, 0, 0, 27.2942392072, 0, 0, 0, 0, 0, 0, 0, 0, 0, 0, 27.9508016322, 0, 0, 0, 0, 0, 0, 0, 0, 0, 0, 0, 0, 0, 0, 0, 0, 27.9425967076, 0, 0, 0, 26.9138356756, 0, -11.018765, 24.2088961651, 20.0414007571, 0, -15.1742385, 18.0121869649, 25.9092237234, 46.2399228235, -14.6322385, 0, None, ]
[21.1416234327, 0, 0, 0, 0, 0, 24.1418098324, 0, 0, 0, 26.2923756507, 0, 0, 0, 0, 0, 0, 0, 0, 0, 27.6596159417, 0, 0, 0, 0, 0, 0, 0, 0, 0, 0, 28.3497017138, 0, 0, 0, 0, 0, 0, 0, 0, 0, 0, 0, 0, 0, 0, 0, 0, 28.3394514661, 0, 0, 0, 27.2430996356, 0, -11.018765, 24.4919462103, 20.6382992561, 0, -15.1742385, 19.7016315485, 28.9418312342, 48.7153305412, -14.6322385, 0, None, ]
[21.4414006545, 0, 0, 0, 0, 0, 24.4566034904, 0, 0, 0, 26.6288230836, 0, 0, 0, 0, 0, 0, 0, 0, 0, 28.0283410219, 0, 0, 0, 0, 0, 0, 0, 0, 0, 0, 28.7483932945, 0, 0, 0, 0, 0, 0, 0, 0, 0, 0, 0, 0, 0, 0, 0, 0, 28.729543852, 0, 0, 0, 27.5677393736, 0, -11.018765, 24.8063751319, 21.344435469, 0, -15.1742385, 21.5253620988, 31.9186940116, 50.9431974871, -14.6322385, 0, None, ]
[21.7426763721, 0, 0, 0, 0, 0, 24.7735591615, 0, 0, 0, 26.968494594, 0, 0, 0, 0, 0, 0, 0, 0, 0, 28.4000587652, 0, 0, 0, 0, 0, 0, 0, 0, 0, 0, 29.1462210548, 0, 0, 0, 0, 0, 0, 0, 0, 0, 0, 0, 0, 0, 0, 0, 0, 29.1130877268, 0, 0, 0, 27.8913548857, 0, -11.018765, 25.1599677212, 22.1623128783, 0, -15.1742385, 23.4643761031, 34.8206349272, 52.9482777384, -14.6322385, 0, None, ]
Policy - [5, 2, 0, 0, 0, 0, 0, 0, 0, 0, 1, 0, 0, 0, 0, 0, 0, 0, 0, 0, 3, 0, 0, 0, 0, 0, 0, 0, 0, 0, 0, 4, 0, 0, 0, 0, 0, 0, 0, 0, 0, 0, 0, 0, 0, 0, 0, 0, 1, 0, 0, 0, 5, 0, 3, 3, 6, 0, 1, 4, 5, 6, 3, 0, 1, ]
[22.0455169154, 0, 0, 0, 0, 0, 25.0927830198, 0, 0, 0, 27.3113670106, 0, 0, 0, 0, 0, 0, 0, 0, 0, 28.774383532, 0, 0, 0, 0, 0, 0, 0, 0, 0, 0, 29.5426165912, 0, 0, 0, 0, 0, 0, 0, 0, 0, 0, 0, 0, 0, 0, 0, 0, 29.4906355291, 0, 0, 0, 28.2179645696, 0, -11.018765, 25.5599806138, 23.0922845571, 0, -15.1742385, 25.4996537792, 37.6328697255, 54.7528499645, -14.6322385, 0, None, ]
